[0.0, 0.9946900341424415, 0.003628473754147412, 0.0016595057703876807, 1.3235244222342568E-5, 3.3042032553391894E-6, 3.249656243548886E-6, 1.1009552757555494E-6, 1.0962740263767903E-6]
[2.0, 0.005569819723588139, 0.004381573969535955, 0.989948956885082, 8.62148933695175E-5, 5.081117584589143E-6, 4.999672124761274E-6, 1.709347043543455E-6, 1.6443916715926317E-6]
[2.0, 0.0061926969982905025, 0.0030268029374906132, 0.9906937512486028, 7.15643120710533E-5, 5.741391394320506E-6, 5.651878675204289E-6, 1.9323311334916885E-6, 1.8589023420814218E-6]
[2.0, 0.018275199503474247, 0.004986512223135042, 0.9766410407008465, 5.864807045083966E-5, 1.4539542143902738E-5, 1.4390575005666965E-5, 4.926293295744629E-6, 4.7430916479658355E-6]
[2.0, 0.010995404271121606, 0.0018320636350951944, 0.9871305414575274, 2.5239588552749864E-5, 6.304887660611607E-6, 6.251005593105417E-6, 2.138373038307813E-6, 2.0567814108885474E-6]
[0.0, 0.9994076694402864, 3.5414944934607267E-4, 2.0937806306052317E-4, 1.1711095621729481E-5, 1.5894121519482774E-5, 7.014679349082827E-7, 2.485999477738059E-7, 2.4776228336962396E-7]
[0.0, 0.9994627551574152, 3.8627599737053956E-4, 1.419482042423321E-4, 6.8409638367429766E-6, 8.234348939294136E-7, 8.129909657005851E-7, 2.765453377983422E-7, 2.667059377672167E-7]
[0.0, 0.9972069372152728, 6.076806027518755E-4, 0.0021798365832327855, 2.455480193313543E-6, 1.204079599115023E-6, 1.1175491198714394E-6, 3.826460625756616E-7, 3.858437677146539E-7]
[0.0, 0.999375748791679, 1.2180438842396067E-4, 4.995874864428951E-4, 1.9841521831245573E-6, 3.2843896201283767E-7, 3.191421178712589E-7, 1.1295377705982236E-7, 1.1464641399746426E-7]
[0.0, 0.9941440004511843, 0.00567413532587315, 1.7182083842609411E-4, 6.05986439465844E-6, 1.676084582971797E-6, 1.2996531754004955E-6, 4.911711265058677E-7, 5.166112369111592E-7]
[0.0, 0.9994104073985273, 3.875979008398629E-4, 1.9591317252695134E-4, 3.6326097284701404E-6, 9.89734958890832E-7, 8.646605727141923E-7, 3.0316801334336304E-7, 2.9135483252250416E-7]
[0.0, 0.9987235325565837, 3.7317866065704816E-4, 8.964324700432233E-4, 3.7655147561849115E-6, 1.1687074262403405E-6, 1.1516426315354373E-6, 3.9393212429391504E-7, 3.765157775530801E-7]
[0.0, 0.9995864115375537, 1.8679615498588101E-4, 2.1684481552671845E-4, 8.17023908734613E-6, 6.680312052720558E-7, 6.570161734013304E-7, 2.254350804752294E-7, 2.2677038728376404E-7]
[0.0, 0.9709646780015015, 0.015348780250634507, 0.013527455183319149, 9.718416871409995E-5, 2.367055417595005E-5, 2.3087526011763153E-5, 7.838122964988716E-6, 7.3061926778541066E-6]
[0.0, 0.9990799815882396, 7.037697138011157E-4, 2.016246866605225E-4, 1.185853551950013E-5, 7.691558106556948E-7, 1.4651252788428244E-6, 2.6573696974053127E-7, 2.6545771976658687E-7]
[0.0, 0.9979424488159012, 0.0015525693828474854, 4.3490522062214005E-4, 7.070563125968902E-6, 5.7661441345546564E-5, 2.0393052777331994E-6, 6.858651185321687E-7, 2.619405761260281E-6]
[1.0, 0.028606643480511847, 0.9703942790412752, 9.213770849287664E-4, 6.37483070544236E-5, 5.209994235667888E-6, 5.230195380950086E-6, 1.7571772294500514E-6, 1.7547193839214778E-6]
[1.0, 0.00821421433685417, 0.9911054508818155, 6.490580320450329E-4, 1.832701404219724E-5, 2.268726630571091E-6, 9.121702117059079E-6, 7.743787586106134E-7, 7.849277367843618E-7]
[0.0, 0.9996860386978242, 1.1061607464402967E-4, 2.002209754248525E-4, 1.8906689665366128E-6, 4.676571191787533E-7, 4.6056806190980757E-7, 1.5802894784089205E-7, 1.4732901154295907E-7]
[0.0, 0.9996090371780953, 2.313983414223885E-4, 1.5461865430351697E-4, 2.9968808842063484E-6, 7.478739691708884E-7, 7.135339524488682E-7, 2.5231049570381684E-7, 2.3522687736542936E-7]
[1.0, 0.007292000756904691, 0.9913262135798491, 0.0013456010605254727, 2.1792363576469984E-5, 5.331229072202996E-6, 5.4287159575492115E-6, 1.8191472999080223E-6, 1.813146814666102E-6]
[1.0, 0.006674568006952137, 0.9917475306251976, 0.0015410385720356046, 2.2473219012254645E-5, 5.461890475997785E-6, 5.2236389974512985E-6, 1.833558851809839E-6, 1.8704884771805738E-6]
[0.0, 0.9996647619641825, 2.1399480890244544E-4, 1.1901754625450341E-4, 1.4951086463533713E-6, 2.7153362999618346E-7, 2.743458926400837E-7, 9.174755036762293E-8, 9.294494106928509E-8]
[0.0, 0.9078018189076895, 0.07718139567212451, 0.014643735494987195, 1.5349534673567182E-4, 3.925240935968691E-5, 1.563375401005579E-4, 1.2756652852467415E-5, 1.1207976150347584E-5]
[0.0, 0.9995687089984276, 1.6692538002396228E-4, 2.607425836904242E-4, 2.1900835102998197E-6, 5.417173303816807E-7, 5.334494882737826E-7, 1.8305509792671884E-7, 1.7473243126617701E-7]
[0.0, 0.9978322148318632, 0.0017595998594827763, 3.922102653870818E-4, 5.453987091449437E-6, 8.011586673782015E-6, 1.483214857541581E-6, 5.125372235024905E-7, 5.137174205084159E-7]
[0.0, 0.9995543263433017, 1.4417994054890474E-4, 2.9860626026389814E-4, 1.7468909615534296E-6, 4.3008350492662715E-7, 4.264812195468141E-7, 1.4596365938314506E-7, 1.380365402308171E-7]
[0.0, 0.9988022268906125, 3.6489600642036676E-4, 8.261753036131741E-4, 3.6819396217072635E-6, 1.142768109403876E-6, 1.1267771454471203E-6, 3.856174834925167E-7, 3.646969940058607E-7]
[0.0, 0.9996455636313515, 1.9703823649478835E-4, 1.5350695479540596E-4, 2.3514158052864514E-6, 5.816228863723485E-7, 5.727459944562667E-7, 1.9653983443043188E-7, 1.8885283785514535E-7]
[0.0, 0.9995821650238053, 2.8970670044415903E-4, 1.2290516378356224E-4, 2.1169742369415715E-6, 2.360299243528615E-6, 4.459114043758651E-7, 1.4879640358151852E-7, 1.5113067870260557E-7]
[0.0, 0.9990042467852551, 7.414165340992437E-4, 2.3824833534607959E-4, 5.312901580679961E-6, 1.4223666374480952E-6, 8.479871526863869E-6, 4.3271001873081513E-7, 4.4049553588477103E-7]
[0.0, 0.9997553470516198, 1.4806615828501558E-4, 8.908364800732368E-5, 1.272074780070887E-6, 2.229716447420978E-7, 5.854866849948437E-6, 7.644024765720586E-8, 7.678856538021042E-8]
[2.0, 0.02176305984892035, 0.0016373534641020324, 0.9765657084887304, 2.0529980966210798E-5, 5.078092424101178E-6, 4.997504304596254E-6, 1.71461824924811E-6, 1.5580023029436214E-6]
[0.0, 0.9993061893773421, 3.731545783609092E-4, 2.9506149061851847E-4, 9.403354393048749E-6, 1.5060802703624506E-5, 6.619777814881015E-7, 2.346046536352075E-7, 2.3381414676195405E-7]
[0.0, 0.998986343109247, 7.427092218503566E-4, 2.42980285714107E-4, 2.969815719278659E-6, 2.3609370201757233E-5, 8.176038516211976E-7, 2.8228114878193676E-7, 2.8831226710731297E-7]
[0.0, 0.7552976082381447, 0.2182385219759529, 0.025939771768857405, 2.1303218189539736E-4, 5.447739353913659E-5, 2.2292682341740143E-4, 1.7229847858809684E-5, 1.643177033430081E-5]
[1.0, 0.011583280930725104, 0.9867955365200205, 0.0015938070498573138, 1.5588031993956896E-5, 4.396125577501288E-6, 4.414239398979245E-6, 1.4859502719181591E-6, 1.4911521546746532E-6]
[0.0, 0.9982604889243601, 0.0012108929649366604, 4.7722380513314124E-4, 5.884798619997512E-6, 4.0737287205928575E-5, 1.8209138805492127E-6, 6.124150847625814E-7, 2.338890778908404E-6]
[0.0, 0.9998381948697228, 7.332902208655398E-5, 7.896504451476865E-5, 8.232759557299325E-7, 2.1949126508203268E-7, 8.33184489797276E-6, 6.799304816695524E-8, 6.845850888233408E-8]
[0.0, 0.9990509989721503, 6.694861582534528E-4, 2.623506129664102E-4, 1.0471601071600843E-5, 1.257044583203901E-6, 4.605684266087366E-6, 4.109285268877012E-7, 4.1899818191759995E-7]
[0.0, 0.9955604943411748, 0.003955235444591204, 4.329011464469914E-4, 1.4269965366998915E-5, 3.7874324086386728E-6, 2.7637362149460468E-5, 1.1570848269243185E-6, 4.517223035023942E-6]
[0.0, 0.999539593168429, 2.1976891512647215E-4, 2.3020794097611846E-4, 1.8956800180251675E-6, 7.943769627802272E-6, 3.436023976847731E-7, 1.2348657041790141E-7, 1.2343685466732913E-7]
[0.0, 0.9994529944793018, 1.165052306495373E-4, 4.2799537059674163E-4, 1.7551538102266625E-6, 2.8137285076126784E-7, 2.734082672564126E-7, 9.676722292872379E-8, 9.82173008291329E-8]
[0.0, 0.999355815855798, 4.056825230886566E-4, 2.2577693560877455E-4, 7.615699143845231E-6, 9.13035267183931E-7, 3.595773588648276E-6, 3.0810096514115986E-7, 2.9207653978701134E-7]
[0.0, 0.9993106904765952, 3.2631487837171E-4, 2.894045142099807E-4, 3.2587783622849517E-6, 7.930093715928094E-7, 6.902701531680383E-5, 2.5397275767040036E-7, 2.573550148042162E-7]
[0.0, 0.9988452614298808, 9.02492049697299E-4, 2.2620538033791003E-4, 2.7647851855082826E-6, 2.19794233525216E-5, 7.611580078530439E-7, 2.6736581172354083E-7, 2.684077263528726E-7]
[0.0, 0.9984882974235976, 0.001070035459292727, 4.302549905716622E-4, 5.966743703115167E-6, 1.576259291547499E-6, 1.4843798594187947E-6, 4.974474581731774E-7, 1.8872962254999255E-6]
[0.0, 0.999050136885128, 7.212561720737697E-4, 2.07967937396574E-4, 3.4355839178774632E-6, 1.6020030504786023E-5, 6.96743667604474E-7, 2.405536648438554E-7, 2.460936465065674E-7]
[0.0, 0.9806813836646111, 0.012481227544441963, 0.006312833674853431, 2.0260842032386426E-4, 2.99817067136726E-4, 1.299174867065914E-5, 4.524998755766162E-6, 4.612881206626192E-6]
[1.0, 0.058140448201406875, 0.9390563496994977, 0.0027257101231067155, 4.6902394573992605E-5, 1.1617220883320446E-5, 1.1230249817788659E-5, 3.881353200648061E-6, 3.860757513262447E-6]
[1.0, 0.01794972726924135, 0.9805630449934687, 0.0014175482225308956, 4.1351971342994934E-5, 4.957628641914866E-6, 1.999209911645393E-5, 1.6885043879711651E-6, 1.6893112697166904E-6]
[0.0, 0.9869610147655545, 0.012751244961413638, 2.8469473248533627E-4, 1.3503308075234332E-6, 6.271489182640517E-7, 6.322703065390327E-7, 2.1644426426470352E-7, 2.193462499170793E-7]
[0.0, 0.9735617583098156, 0.020575387832193974, 0.005661407712567896, 1.2467701020345512E-4, 2.8678639567582382E-5, 2.8319818516942817E-5, 9.789231344076275E-6, 9.981445790264984E-6]
[0.0, 0.8624503152943811, 0.1317303397044264, 0.005616902980126894, 1.2824740791493952E-4, 2.8056202692782033E-5, 2.7439112480122604E-5, 9.257630825598104E-6, 9.441667152385796E-6]
[2.0, 0.010260302840345752, 0.002646946959604047, 0.9869576104735305, 1.1692144396448626E-4, 6.89049477972863E-6, 6.7800467323386954E-6, 2.3177843378199956E-6, 2.229956705450748E-6]
[2.0, 0.008937747440070042, 0.0019306284340655975, 0.9890425040011064, 7.351337052009743E-5, 5.900979559494164E-6, 5.811425107098777E-6, 1.984936994804626E-6, 1.909412576431991E-6]
[2.0, 0.018006804417049264, 0.0031160094903441332, 0.9788069499693228, 4.2435790485871086E-5, 1.0515714455344523E-5, 1.0336037999780288E-5, 3.5413977971804104E-6, 3.407182545625017E-6]
[2.0, 0.01654757826708455, 0.0028130651910844256, 0.9805759489064633, 3.831010317583205E-5, 9.493356931479057E-6, 9.331148958630632E-6, 3.197096447203391E-6, 3.075929854664734E-6]
[0.0, 0.9915194402347272, 0.00748295317283452, 9.351298022231442E-4, 9.501354829697103E-6, 5.0007490885044016E-5, 1.7541772721156761E-6, 5.998798827820454E-7, 6.138873457633658E-7]
[0.0, 0.9985031878871704, 7.223426583903754E-4, 7.416345201737424E-4, 4.086696380238342E-6, 2.575203726606868E-5, 1.1373219206519708E-6, 3.8035112248512926E-7, 1.478527575860477E-6]
[0.0, 0.9996408034420599, 1.6182210201240102E-4, 1.937432641334401E-4, 2.1889919677237375E-6, 5.461374287225849E-7, 5.373199228195546E-7, 1.8423792203870085E-7, 1.7450455291745064E-7]
[0.0, 0.9992165294907486, 6.130872410890908E-4, 1.602024699698046E-4, 7.720698613061444E-6, 9.293270356672521E-7, 9.175400383792178E-7, 3.122286977823452E-7, 3.0100380779018687E-7]
[0.0, 0.9991962334943825, 5.30869505207926E-4, 2.647383572518134E-4, 4.908761976787668E-6, 1.33043037560453E-6, 1.1472282387732786E-6, 3.990879832575652E-7, 3.7313458336020765E-7]
[0.0, 0.9991533398138638, 4.690061851269416E-4, 3.688752096155675E-4, 5.379367865485497E-6, 1.3074014049950754E-6, 1.2503716422851365E-6, 4.3496863150405903E-7, 4.066818493662327E-7]
[0.0, 0.999351431141179, 3.255807158299227E-4, 3.1702396827917146E-4, 3.5847715920967234E-6, 8.826879677691777E-7, 8.951944612462455E-7, 3.002671640864865E-7, 3.0125352683556646E-7]
[0.0, 0.9985621322322047, 3.9724811686073035E-4, 0.00103185666919718, 5.2669966109224315E-6, 1.2969067666659936E-6, 1.3152821797337234E-6, 4.411734736744541E-7, 4.426227066654758E-7]
[0.0, 0.999386923069369, 2.3636105970125285E-4, 3.719369611042365E-4, 2.8841676470561912E-6, 7.14871776792794E-7, 6.980726114658862E-7, 2.4106915950281183E-7, 2.407286305895986E-7]
[0.0, 0.9994348236346485, 2.101414014998907E-4, 3.493809533996452E-4, 3.4166855724484807E-6, 8.451174479675493E-7, 8.322190280157591E-7, 2.8557893299865156E-7, 2.7440947065379727E-7]
[0.0, 0.9992988986433303, 4.6459419640157293E-4, 2.3113327400675745E-4, 3.3004801136459797E-6, 5.767360412694569E-7, 1.098594773097114E-6, 1.9915749089652788E-7, 1.9891784237442302E-7]
[1.0, 0.05746234784329318, 0.9420305170016035, 4.940525908965928E-4, 6.914961237031189E-6, 1.6901999991478348E-6, 1.696139398763447E-6, 5.87183022013947E-7, 2.1940805497887854E-6]
[0.0, 0.9993192268801079, 2.0294845072445962E-4, 4.7354115091576904E-4, 1.5307651708771686E-6, 8.43859480134304E-7, 7.286332504478023E-7, 2.4620162018946096E-7, 9.34058730414912E-7]
[0.0, 0.9996024246401342, 2.0018505886955595E-4, 1.9305069113886286E-4, 2.6098786515200553E-6, 6.520398301251332E-7, 6.469333463245513E-7, 2.213907540287745E-7, 2.0936727576146763E-7]
[0.0, 0.9995094710489495, 2.1636269015683923E-4, 2.7007297914865495E-4, 2.4763695092763754E-6, 6.096806849901606E-7, 6.046366260707954E-7, 2.069161519030319E-7, 1.9567877269776704E-7]
[0.0, 0.9392126590314362, 0.04677908972310252, 0.01381523478324894, 1.1426880541835496E-4, 3.0578503199625933E-5, 2.8995122863721004E-5, 9.894886585084558E-6, 9.279144145737837E-6]
[0.0, 0.9995936261047693, 2.8242528472486423E-4, 1.1658511053532145E-4, 3.839126149040915E-6, 1.0460038805838491E-6, 9.368103740148056E-7, 3.2502098476163514E-7, 1.2165385820142506E-6]
[0.0, 0.9989148302023015, 9.773210767263622E-4, 9.671325755150236E-5, 1.1820734826077362E-6, 9.39721959022598E-6, 3.2543023663236375E-7, 1.1561433670873475E-7, 1.1512577454589939E-7]
[1.0, 0.010007001159609182, 0.9888068116948691, 0.0011583156918136797, 1.6891908288236308E-5, 4.141738218032382E-6, 4.114437154776638E-6, 1.4076493167803408E-6, 1.3157207301437366E-6]
[1.0, 0.009975279276009342, 0.9891026265614278, 8.942164034884128E-4, 1.658050433654594E-5, 4.546410460605946E-6, 4.062672488562033E-6, 1.3892249499667155E-6, 1.298946838987535E-6]
[2.0, 0.013659090215663522, 0.002474473089489283, 0.9837888269798302, 4.645219233408608E-5, 5.5690868347009325E-6, 2.1932532151654962E-5, 1.8760626675173662E-6, 1.7798410289149468E-6]
[0.0, 0.9996792891655546, 1.8420586425604266E-4, 1.090722400638028E-4, 2.3434188426965453E-5, 3.713735333974136E-6, 1.6963432312940247E-7, 5.7700354387814956E-8, 5.7471687291789784E-8]
[0.0, 0.9986508674023824, 8.861397876546004E-4, 3.987430629470612E-4, 6.482649239244064E-6, 5.2866920528511766E-5, 1.8697380352533004E-6, 6.288357673445315E-7, 2.4016034455782555E-6]
[1.0, 0.05019348705367399, 0.9468261005266867, 0.0029009941484173106, 6.020126245526415E-5, 7.382010843888216E-6, 7.154413276828792E-6, 2.3181878982326325E-6, 2.3623967476382188E-6]
[2.0, 0.026688380464578554, 0.009055558911396247, 0.9641953755942279, 3.695951155037659E-5, 9.137382717151194E-6, 8.5941772689887E-6, 3.048811380126978E-6, 2.9451468807020385E-6]
[1.0, 0.040600944368940926, 0.9585375223960139, 4.755396933578965E-4, 3.0508960141208314E-4, 7.51305348568815E-5, 3.4387416259881553E-6, 1.1696266715902321E-6, 1.1650371207912525E-6]
[0.0, 0.9995882180600715, 2.470099436571853E-4, 1.597938885152273E-4, 2.9628882350452157E-6, 8.057626205672645E-7, 7.256329098396244E-7, 2.486732521899377E-7, 2.351507384025125E-7]
[0.0, 0.9994841405022156, 2.878357024729888E-4, 2.2266622855413617E-4, 3.2471782418267962E-6, 7.920089113826844E-7, 7.90929632009588E-7, 2.710571414937023E-7, 2.563928306939502E-7]
[0.0, 0.9987557036168638, 0.0010247262177181403, 1.8257301311071973E-4, 1.4452863963968189E-5, 2.0987589088100807E-5, 9.127928808281825E-7, 3.2202752775101E-7, 3.2187884676565486E-7]
[0.0, 0.9756052075750267, 0.017631335311836447, 0.006649602533729028, 7.695379970443515E-5, 1.3476153349524391E-5, 1.3929209931121467E-5, 4.734932881218922E-6, 4.760483541490831E-6]
[0.0, 0.9562101470964162, 0.013582497726692944, 0.03002381816117002, 1.120804437161698E-4, 2.7284689992703915E-5, 2.6629885860006913E-5, 9.025303720003936E-6, 8.516692431803748E-6]
[0.0, 0.9586746595703101, 0.0029779626236803507, 0.03829932688532032, 2.9408920575927967E-5, 7.001891280128563E-6, 6.910425561850777E-6, 2.3591464789188383E-6, 2.3705367926314597E-6]
[2.0, 0.15602277449269628, 0.016273296566430017, 0.8274132915574737, 1.771714437955271E-4, 4.258149751954555E-5, 4.2082223416683104E-5, 1.4366427698261004E-5, 1.4435790970052371E-5]
[0.0, 0.999116230649612, 5.336496393641973E-4, 3.413519263787372E-4, 5.26991924777436E-6, 1.2976264154126654E-6, 1.3157375610763701E-6, 4.4163310471604645E-7, 4.4286831636101235E-7]
[0.0, 0.9972050003621136, 0.0013570146793228678, 0.0014259917707181741, 6.536778135624359E-6, 2.032917277110432E-6, 2.048783584296337E-6, 6.865367421464122E-7, 6.881721061930508E-7]
[1.0, 0.011537793244646084, 0.9871997851921368, 0.0011769151511304356, 6.437236357025383E-5, 8.000628590717575E-6, 7.899153669745706E-6, 2.647524012581305E-6, 2.586742243304183E-6]
[2.0, 0.028399300686584823, 0.0037458089040807866, 0.9676707215929211, 1.595134312997698E-4, 9.368173611351953E-6, 9.157509812876875E-6, 3.1298812211116456E-6, 2.9998204682339698E-6]
[1.0, 0.014404514464759618, 0.98363862791125, 0.0018519860505605166, 7.895116738365789E-5, 9.812579995619562E-6, 9.688123427201815E-6, 3.2471250063924906E-6, 3.1725776172037164E-6]
[0.0, 0.9993719794388013, 4.963821132329646E-4, 1.2266748251192372E-4, 6.7081690152359626E-6, 9.247006060284444E-7, 7.92497108526566E-7, 2.759482717602341E-7, 2.6965045230552657E-7]
[1.0, 0.011754685521770284, 0.9860112026718899, 0.0022043616531257347, 1.789026403242706E-5, 4.405167915426555E-6, 4.472309774236908E-6, 1.4935322400879413E-6, 1.4888792520910653E-6]
[0.0, 0.9992857686685066, 3.905300108485584E-4, 3.1132101877096887E-4, 9.450053118547547E-6, 1.1092205624055644E-6, 1.0951519092198549E-6, 3.671275191701174E-7, 3.5874876463819186E-7]
[0.0, 0.9990730058536641, 5.831237371470463E-4, 3.165801802325599E-4, 1.009447135635148E-5, 1.178656488618756E-6, 1.5218128622261204E-5, 3.952269524143981E-7, 4.037455367074151E-7]
[0.0, 0.9988224134424972, 6.291873057894478E-4, 5.357923337773172E-4, 9.50927137561913E-6, 1.1756875115560273E-6, 1.1244032009006232E-6, 3.948273263473035E-7, 4.027285217847142E-7]
[0.0, 0.9994563792206227, 3.024278043804937E-4, 2.3664897678367944E-4, 2.467261479193572E-6, 6.600223729881112E-7, 1.0063271487951734E-6, 2.0563036928345032E-7, 2.0475684287420803E-7]
[1.0, 0.15420309728991272, 0.8437192395268572, 0.002008686424799469, 5.186462220100188E-5, 6.609683177389837E-6, 6.286156220715809E-6, 2.1274126722088474E-6, 2.0888841592542076E-6]
[0.0, 0.9995027212221119, 2.3638844666566268E-4, 2.5616588763544874E-4, 2.8845018332237512E-6, 7.044343934094705E-7, 6.662885295607363E-7, 2.392590241393701E-7, 2.2995980683207452E-7]
[0.0, 0.9994974732272851, 3.306962997640459E-4, 1.6180325549250803E-4, 7.551999717759192E-6, 9.38613117616135E-7, 9.267083415284457E-7, 3.106602212490797E-7, 2.9923606022489056E-7]
[0.0, 0.9992802227615287, 2.2215286333997564E-4, 4.946186750036069E-4, 1.8091337596069848E-6, 4.460581091465986E-7, 4.4828069363194737E-7, 1.5032277375034028E-7, 1.5190479156513953E-7]
[0.0, 0.9996256934468971, 2.8747000349173583E-4, 8.123369738052641E-5, 2.8356306401271724E-6, 7.819335740074717E-7, 6.826073667292372E-7, 2.419707121464538E-7, 1.060709937711879E-6]
[0.0, 0.9971651445069312, 0.0012102551927972375, 0.0016111467886910109, 6.9006003897622755E-6, 1.7572440357089078E-6, 1.8398182121202939E-6, 6.16577602690152E-7, 2.3392713404514135E-6]
[0.0, 0.9966838880374195, 0.002301861182930326, 9.916923318715948E-4, 1.1546580147927115E-5, 2.9530465829311032E-6, 2.825164360552996E-6, 1.0020290571764066E-6, 4.231627629988909E-6]
[0.0, 0.9991757553379775, 5.189187245881061E-4, 2.949403980584597E-4, 4.238359418531585E-6, 4.77152364259727E-6, 7.668784160824532E-7, 3.018560868791304E-7, 3.0692181171635175E-7]
[0.0, 0.9997352203636733, 1.704080493355169E-4, 9.004800793519321E-5, 1.5493324284434355E-6, 2.1529052918795836E-6, 3.461231799433076E-7, 1.3653460957681828E-7, 1.3868354611725114E-7]
[2.0, 0.026665314484649257, 0.005104625906422521, 0.968000962251003, 1.398946714573858E-4, 6.220091338306308E-5, 1.6197482129112178E-5, 5.330573085828372E-6, 5.473717870024523E-6]
[2.0, 0.059186903283143, 0.009682542357828809, 0.9309217983911255, 7.1218554033121E-5, 9.590465383675207E-5, 2.497413353165432E-5, 8.218959155784377E-6, 8.43966734526583E-6]
[2.0, 0.016916603405432204, 0.0049638926372466185, 0.977988138067712, 4.9123387527349786E-5, 5.733694858804607E-5, 1.4943748868438314E-5, 4.9165408192299875E-6, 5.045263806081107E-6]
[2.0, 0.07485099029284664, 0.010217978178832554, 0.9147772922432922, 3.92161908872619E-5, 7.980954537459085E-5, 2.0800789591212554E-5, 6.843976868051347E-6, 7.068782307285708E-6]
[4.0, 0.03498575983301293, 0.016782283772467918, 0.004500275837125879, 2.24949316871976E-4, 0.9434605920606937, 2.7466426257105687E-5, 9.33516791202846E-6, 9.337585658558285E-6]
[4.0, 0.039616931291040776, 0.012361852466193408, 0.00525593922256802, 2.2420920894519045E-4, 0.9424950802697426, 2.7376058701978042E-5, 9.304618830613517E-6, 9.306863977519035E-6]
[0.0, 0.9985706751576031, 7.020966128609073E-4, 7.159900639399868E-4, 6.7610308628626815E-6, 1.6723415214229534E-6, 1.6695399321654942E-6, 5.667630842881285E-7, 5.684901951148095E-7]
[0.0, 0.9996398201427831, 2.067004240358678E-4, 1.321150995119722E-4, 2.1478890266177424E-6, 1.7579777136242686E-5, 6.300798051412997E-7, 2.1086707885652776E-7, 7.957206223371741E-7]
[0.0, 0.8967208267954856, 0.05017791049678362, 0.05288576085515905, 1.1207283251294714E-4, 3.9031866734834985E-5, 3.962400837532073E-5, 1.2412321430640263E-5, 1.2360823518015122E-5]
[0.0, 0.9996480591209662, 2.6589517481528013E-4, 7.588314301881513E-5, 1.8446893960463665E-6, 7.730095510690505E-6, 3.494396742669317E-7, 1.1811393249803041E-7, 1.202226861613395E-7]
[0.0, 0.9582698632399127, 0.029758420634193615, 0.011658002848967418, 1.5826342492550438E-4, 4.047599030983525E-5, 4.03345774758113E-5, 1.3907140635880134E-5, 6.07321435793404E-5]
[2.0, 0.012769192880048788, 0.013538713882151693, 0.973663823894055, 1.609471766287911E-5, 4.539020705620465E-6, 4.559863862777769E-6, 1.535735319121076E-6, 1.5400061939435386E-6]
[1.0, 0.00761398888388228, 0.9917988045376335, 5.515456556596161E-4, 2.7056662256924223E-5, 3.2567632788747096E-6, 3.2154565499595183E-6, 1.0937630986073417E-6, 1.0382776400256141E-6]
[1.0, 0.011395762515439967, 0.98720683902419, 0.001343974733193904, 4.0795936839753504E-5, 4.7885119202598045E-6, 4.727777458814488E-6, 1.5848917351378318E-6, 1.526609222123061E-6]
[0.0, 0.999319209498712, 2.0294844719452923E-4, 4.7354114267935586E-4, 1.5307651442522079E-6, 8.465251385963228E-7, 7.408212726743606E-7, 2.4874114432507834E-7, 9.340587141686077E-7]
[0.0, 0.9992925223335255, 4.343792683857944E-4, 2.6476386910648405E-4, 4.94257331332088E-6, 1.3390744948896193E-6, 1.2301159936406447E-6, 4.1207677490715595E-7, 4.106884054437541E-7]
[0.0, 0.9991167454670751, 5.486916493941909E-4, 3.2663316241866695E-4, 4.766340145144806E-6, 1.1736287761513257E-6, 1.1900092701575553E-6, 3.991938919344353E-7, 4.005490285597187E-7]
[0.0, 0.9990920348339096, 4.4603786440486126E-4, 4.4728209201375227E-4, 4.86566202149731E-6, 1.21341462997643E-6, 7.76603673320019E-6, 3.9628452974098926E-7, 4.038117572763671E-7]
[0.0, 0.9996270022364329, 2.101361460181392E-4, 1.5897171433183128E-4, 2.351372144254014E-6, 5.81612086812504E-7, 5.727353597223391E-7, 1.9653618508348652E-7, 1.8764744117860992E-7]
[1.0, 0.4074307694688374, 0.5704608534545955, 0.021812552519780055, 1.742111878699908E-4, 4.661917437737961E-5, 4.5113923940675534E-5, 1.498857523667365E-5, 1.489169536240782E-5]
[1.0, 0.4818522948860567, 0.48670172518404975, 0.03076397491487904, 2.8540606307920336E-4, 7.260295702125502E-5, 2.7862976745836006E-4, 2.3015293452918414E-5, 2.2350934002712294E-5]
[0.0, 0.9997546581944287, 1.4358932488606435E-4, 9.292484710706525E-5, 7.262811717421095E-6, 5.935719540002964E-7, 5.840446909448192E-7, 2.0039713972741174E-7, 1.8680807601614267E-7]
[0.0, 0.9990195175117785, 4.965575871911749E-4, 4.7280248434039996E-4, 8.391324114257261E-6, 1.042929976452312E-6, 1.0297021111990144E-6, 3.4537818644039474E-7, 3.130823015866225E-7]
[0.0, 0.999631268726683, 2.019773148568584E-4, 1.6220450610285718E-4, 2.3504009548419857E-6, 5.77524340539603E-7, 5.75568121156443E-7, 1.9699480265737107E-7, 8.489641381481554E-7]
[0.0, 0.9990820881269081, 7.962610726236311E-4, 8.826865070282465E-5, 2.7418299048436134E-5, 7.86329532493868E-7, 4.687942783367101E-6, 2.4561186133882055E-7, 2.4396653964452095E-7]
[0.0, 0.9996612879343476, 2.3841561708774103E-4, 9.075451196788656E-5, 7.184318170795274E-6, 1.591846645203948E-6, 4.45496043447821E-7, 1.6023427463045E-7, 1.6004146286658978E-7]
[0.0, 0.9984670889042456, 8.568619252545329E-4, 6.692546735716677E-4, 3.983207653492023E-6, 1.0421746484662782E-6, 1.0640017789681665E-6, 3.5045078811638303E-7, 3.546620592994391E-7]
[1.0, 0.015642054379237606, 0.9835540126485952, 7.776093075737452E-4, 1.5827484003201554E-5, 4.309724642026154E-6, 3.6077431619914334E-6, 1.3006179877345694E-6, 1.278094798388233E-6]
[1.0, 0.011914193096546255, 0.9871246472559307, 9.093017725343778E-4, 3.101490466962608E-5, 3.718332517717914E-6, 1.4643773730953456E-5, 1.2548974397759846E-6, 1.2259666307118402E-6]
[1.0, 0.014877545259360922, 0.9842844121144269, 7.931730154080743E-4, 3.56881208663826E-5, 3.4281309633086377E-6, 3.440559879467795E-6, 1.1490831186003273E-6, 1.1637159762504915E-6]
[1.0, 0.004567373128611472, 0.9944839453283527, 9.272428889316529E-4, 9.241031320469071E-6, 2.23698950784814E-6, 8.460100991643742E-6, 7.478868069386371E-7, 7.526454773063523E-7]
[0.0, 0.999362565662674, 4.1278688503826517E-4, 2.1455266870048365E-4, 4.216814422742902E-6, 1.144327827913773E-6, 4.063336158042769E-6, 3.402495908862045E-7, 3.300555876986472E-7]
[0.0, 0.998913197086794, 4.682608060201609E-4, 6.125800385455764E-4, 3.58368418538041E-6, 8.823008927975328E-7, 8.948019019462935E-7, 3.001354913909604E-7, 3.0114616874812273E-7]
[0.0, 0.9989160671583601, 4.68262151424375E-4, 6.097086044450047E-4, 3.5836944820008887E-6, 8.823034278193069E-7, 8.948044728858942E-7, 3.001363537385019E-7, 3.011470339995366E-7]
[0.0, 0.9993906996012815, 3.9202379378498086E-4, 2.0809049652317638E-4, 7.014783848279253E-6, 8.23375528976677E-7, 8.129323536954225E-7, 2.72519123377075E-7, 2.6249755597101046E-7]
[0.0, 0.9993214088200902, 2.8987071726658734E-4, 3.799249398668186E-4, 6.624348758669743E-6, 8.233184418598574E-7, 8.128759906355445E-7, 2.7250022880165434E-7, 2.624793562211817E-7]
[0.0, 0.9965111868107639, 0.002969393926645737, 4.888156535724171E-4, 1.611310689420746E-5, 4.276625884188469E-6, 3.7891705077343394E-6, 1.3240277863431417E-6, 5.10067794534701E-6]
[0.0, 0.9988627980735105, 9.069630487214954E-4, 2.2329817297015586E-4, 4.140380685068064E-6, 1.128081410731133E-6, 1.0042096811834687E-6, 3.3382523533452247E-7, 3.3420778548741917E-7]
[0.0, 0.9995775992895304, 2.4401889281528766E-4, 1.7417734746376685E-4, 2.5416539993795274E-6, 6.258383123853391E-7, 6.205311336282089E-7, 2.1237657132652024E-7, 2.0407017389218273E-7]
[0.0, 0.9981391165338696, 4.0485410242027073E-4, 0.0014522691350211203, 1.6359107484637235E-6, 9.032167564777748E-7, 7.059995896874082E-7, 2.577884686365933E-7, 2.5731312580279234E-7]
[0.0, 0.9998408521103533, 9.254573866617075E-5, 6.443321363744116E-5, 1.3125720933097356E-6, 3.24664811628075E-7, 3.1970968604876207E-7, 1.0970952109666306E-7, 1.0228123088117081E-7]
[0.0, 0.9995463513013201, 2.596069509188943E-4, 1.8935111422783426E-4, 2.4675063845257503E-6, 6.019252411232483E-7, 6.275440870102275E-7, 2.0924841137117495E-7, 7.844094090514638E-7]
[0.0, 0.9740523410066404, 0.022698440160364503, 0.0030891098877585837, 1.3242321421743297E-4, 1.0694951088463295E-5, 1.0168503101558494E-5, 3.442309391179565E-6, 3.379967437639241E-6]
[1.0, 0.024746681149741455, 0.974666320543984, 5.448701859284749E-4, 3.164316650145091E-5, 4.0074970286359904E-6, 3.882943252806287E-6, 1.3022437410209888E-6, 1.2922698217411568E-6]
[1.0, 0.008161667593822816, 0.9908204429992616, 9.584382228666095E-4, 4.4734113454926134E-5, 5.559855304944408E-6, 5.4893376110798475E-6, 1.8409889305524865E-6, 1.8268887476067053E-6]
[0.0, 0.9989185553274653, 8.160826571446966E-4, 2.539056090827238E-4, 4.8849137085226725E-6, 1.3072097111946784E-6, 4.457428384104268E-6, 4.0184367286061293E-7, 4.050108305434047E-7]
[0.0, 0.9995743235088814, 2.958403716769471E-4, 1.2212285619670285E-4, 4.021483090486763E-6, 1.095688642427742E-6, 9.813084884002257E-7, 3.404593502609445E-7, 1.2743236732966532E-6]
[0.0, 0.9992741881013039, 5.532260858295558E-4, 1.5763384756007387E-4, 8.867445029296138E-6, 1.2111040653940011E-6, 4.1297196547427776E-6, 3.6846199525185703E-7, 3.752345619827394E-7]
[1.0, 0.010739225324126274, 0.9878444904566274, 0.0013126280500162816, 9.167282184603918E-5, 4.47259009102638E-6, 4.486187477470395E-6, 1.5101548634907436E-6, 1.5144149521631626E-6]
[1.0, 0.00723216094602074, 0.9915022247199282, 0.0012333600153345914, 1.3887989763572216E-5, 3.361885303580646E-6, 1.2714359674388757E-5, 1.1345434287092898E-6, 1.1555405460803448E-6]
[0.0, 0.9994814528495771, 3.6779516971284667E-4, 1.41950859772828E-4, 6.625409666060205E-6, 8.234502985376219E-7, 8.130061749264704E-7, 2.7254387045114625E-7, 2.6671092723330375E-7]
[0.0, 0.9613871977202091, 0.03164594169149801, 0.006758772801092915, 1.261717854109677E-4, 3.3532292142484104E-5, 2.819768076409353E-5, 9.846043568431517E-6, 1.0339985313934568E-5]
[0.0, 0.8008513268065304, 0.13947891641453608, 0.058762946840501575, 5.488984638071814E-4, 1.330193619849334E-4, 1.3367930025485122E-4, 4.479464406719651E-5, 4.641816831779552E-5]
[0.0, 0.9975405732669506, 0.0019202715857771944, 5.212079117066589E-4, 7.330479090526772E-6, 8.271302044895376E-6, 1.2951794730236503E-6, 5.222165629471409E-7, 5.280583941307272E-7]
[0.0, 0.9995512881639336, 2.4081354132799853E-4, 2.0250064645945494E-4, 3.2795513035574866E-6, 8.04115363413459E-7, 7.813379926807028E-7, 2.6927781206146435E-7, 2.633658070439884E-7]
[0.0, 0.9982015538369342, 0.001419161649553008, 3.695020947483052E-4, 5.124227133770108E-6, 1.3536882147942735E-6, 1.2629199602923223E-6, 4.207773661045728E-7, 1.6208060894453275E-6]
[0.0, 0.9995170774667107, 2.789820636374824E-4, 1.9913358049340434E-4, 2.905823682824848E-6, 7.155087947424816E-7, 7.094412002842198E-7, 2.4280601167129645E-7, 2.3330946871558896E-7]
[0.0, 0.9995715923825823, 1.836830532830333E-4, 2.4029027683215718E-4, 2.705737873321291E-6, 6.607778145829539E-7, 6.311726059189101E-7, 2.226085314962367E-7, 2.1399047731364932E-7]
[0.0, 0.9993843192340294, 3.8699417306348833E-4, 2.1462084827624935E-4, 1.1367153552074149E-5, 1.8822445475384447E-6, 4.749481288088025E-7, 1.707764756570988E-7, 1.7062192681227066E-7]
[0.0, 0.9986787797657598, 4.04573933830592E-4, 9.144381273176829E-4, 1.1356540041821523E-6, 4.1898914270341574E-7, 3.5029120433541263E-7, 1.5281490295552969E-7, 1.504238377400785E-7]
[0.0, 0.9945696266865871, 0.005039536035050817, 3.5109053131289415E-4, 4.2911883806480915E-6, 3.3678488494695776E-5, 9.60093935774786E-7, 4.031352626809204E-7, 4.1384097536680904E-7]
[0.0, 0.9985042516782334, 0.0014436015044949956, 4.30549213008071E-5, 2.480080648879378E-6, 6.242414177577545E-6, 2.1617780700572418E-7, 7.680065020003161E-8, 7.642268739059487E-8]
[0.0, 0.9997496580194035, 1.3750645365545686E-4, 1.0792691342321083E-4, 2.9597580575830643E-6, 7.370883566600642E-7, 7.24917198925049E-7, 2.4893471428159096E-7, 2.379151903310094E-7]
[0.0, 0.9990416412562456, 4.1432585719440595E-4, 5.365795305990119E-4, 5.629901134252619E-6, 5.209882131320789E-7, 9.55957281471376E-7, 1.7324786910894463E-7, 1.7326146302768113E-7]
[0.0, 0.9992909485034804, 4.34378584262649E-4, 2.6476345211814213E-4, 4.9425655290432975E-6, 1.3305564886951376E-6, 2.839795930441862E-6, 3.8570204408439653E-7, 4.108401466184208E-7]
[0.0, 0.9993659874617284, 3.210147604731552E-4, 3.046162851085539E-4, 4.413998258011106E-6, 1.0788982896933723E-6, 1.113877959549699E-6, 3.741799303738263E-7, 1.4005382521654861E-6]
[0.0, 0.9988506691875387, 8.084720217218548E-4, 3.3205624285071925E-4, 5.377738309163959E-6, 1.3070053576754698E-6, 1.2499928708263127E-6, 4.202120312409356E-7, 4.475993196657122E-7]
[0.0, 0.9987548435249726, 8.676078373282005E-4, 3.687280896528567E-4, 5.37722239086658E-6, 1.306879968907919E-6, 1.2498729516044064E-6, 4.3901635632797326E-7, 4.4755637881109377E-7]
[0.0, 0.9995993217907139, 2.2983760850374174E-4, 1.469035134335111E-4, 2.3883147773494064E-6, 1.9728903321601535E-5, 7.006083139677092E-7, 2.3447066130906588E-7, 8.847902742732141E-7]
[0.0, 0.9507564262158615, 0.035521072137630304, 0.013480952902927557, 1.4634025085584774E-4, 3.752148553061605E-5, 3.4590301984368615E-5, 1.2138487286249284E-5, 1.0958217923333808E-5]
[0.0, 0.9986954844055596, 8.505165131579451E-4, 4.337668216869494E-4, 1.1463830461326295E-5, 8.16169833276004E-6, 3.5496883907615915E-7, 1.2618646893247482E-7, 1.25575493418172E-7]
[0.0, 0.9532761771455925, 0.024158720328384155, 0.022325113095310982, 1.468734266848218E-4, 3.575463999241238E-5, 3.4896565884317845E-5, 1.1839573452579857E-5, 1.0625224698185564E-5]
[0.0, 0.9996379979193737, 2.45062070156652E-4, 1.1238027975180816E-4, 2.7421847040529304E-6, 6.782796045478973E-7, 6.839257424005668E-7, 2.2920171179446963E-7, 2.2613895495061642E-7]
[0.0, 0.9991148400779889, 6.388017535142267E-4, 2.11894708933102E-4, 3.7833818785390426E-6, 2.809383229085966E-5, 9.81707820438935E-7, 3.283095706467439E-7, 1.2762280033473619E-6]
[0.0, 0.9931504132128112, 0.005451137613401196, 0.0012555071289220231, 1.534537996027455E-5, 1.2043498364450475E-4, 4.224653293692791E-6, 1.4585792160645387E-6, 1.4784487511388224E-6]
[0.0, 0.9780778270454759, 0.013549217985277924, 0.007859641237645373, 1.1095215263542319E-4, 3.7480961882581723E-4, 1.6175063190367957E-5, 5.6337405122493525E-6, 5.743156437081377E-6]
[1.0, 0.02470932520522168, 0.9705796694993466, 0.00455100613059685, 1.414360834421123E-4, 6.933327438314312E-6, 6.939903962780312E-6, 2.345520444298457E-6, 2.3443295474894706E-6]
[1.0, 0.010398323254776149, 0.9885819849094208, 9.51125118891247E-4, 3.391626789914596E-5, 4.176558054420506E-6, 2.7628680652858986E-5, 1.4100104380837809E-6, 1.4351998672875294E-6]
[0.0, 0.999548675236436, 3.01116478196462E-4, 1.4671410993623263E-4, 2.1061827849050383E-6, 5.162207469680945E-7, 5.207041829508637E-7, 1.7433272217365078E-7, 1.767349942081347E-7]
[0.0, 0.99914981185342, 5.962165889576193E-4, 2.493769895974504E-4, 2.525129887457232E-6, 7.837276555205145E-7, 7.708168047058733E-7, 2.6434060006697114E-7, 2.5055307714755925E-7]
[0.0, 0.9561713209066742, 0.034207314071941414, 0.00868973702595749, 2.2453418264918704E-4, 5.125046673949644E-5, 5.0642023949567604E-5, 5.873638736181207E-4, 1.7837448470335045E-5]
[0.0, 0.999106864723296, 5.57736119490665E-4, 3.1789939650403486E-4, 1.0470134269916211E-5, 1.2552494078380646E-6, 4.94350309357901E-6, 4.235083485294858E-7, 4.073655892468118E-7]
[1.0, 0.023938367302997147, 0.9732130785076819, 0.0027567113563801804, 7.587010237885449E-5, 6.068167340408214E-6, 5.953798918346716E-6, 2.006218883260681E-6, 1.94454542000781E-6]
[0.0, 0.9988762238522823, 8.89876885355077E-4, 2.2316896591915145E-4, 3.611309428238214E-6, 5.5111940124435875E-6, 9.025190649611617E-7, 3.497699651555927E-7, 3.5550397273082536E-7]
[0.0, 0.9989550000420332, 7.444373902590748E-4, 2.7787311185347536E-4, 2.0097651410477142E-5, 9.805365946121591E-7, 9.638210658355803E-7, 3.300744557222227E-7, 3.173723276185814E-7]
[0.0, 0.9996385281433188, 2.3866775194671192E-4, 1.1984040346861913E-4, 1.561685875939204E-6, 3.8095874982473296E-7, 3.9416329704844406E-7, 1.3044028327917652E-7, 4.964530599603418E-7]
[0.0, 0.9985966475234014, 8.218941676847876E-4, 5.735919080698781E-4, 4.8813409559675215E-6, 1.1115538700371217E-6, 1.120785268760693E-6, 3.7579525563420767E-7, 3.7692549348718205E-7]
[0.0, 0.9976022505974937, 0.0011123398914211018, 0.001275586565943508, 5.358172754072507E-6, 1.6630226394618552E-6, 1.6760874074656833E-6, 5.61986058623269E-7, 5.63676281974354E-7]
[0.0, 0.9992590013236403, 4.1539211530747976E-4, 3.1354792081325264E-4, 9.89058473203423E-6, 8.086934995108431E-7, 8.117093669156994E-7, 2.732778185687497E-7, 2.7437482201974985E-7]
[0.0, 0.9990939419440557, 4.2088048399572885E-4, 4.739082437259139E-4, 4.75073305943498E-6, 1.1852952291695828E-6, 4.577821901172208E-6, 3.8326591377949797E-7, 3.7221211917417155E-7]
[0.0, 0.9993510544275741, 4.709597379744639E-4, 1.62565660623837E-4, 9.144876443390235E-6, 1.2489952857361968E-6, 4.2589241730501676E-6, 3.8002267149798246E-7, 3.8735525386765744E-7]
[0.0, 0.9991757553379775, 5.189187245881061E-4, 2.949403980584597E-4, 4.238359418531585E-6, 4.77152364259727E-6, 7.668784160824532E-7, 3.018560868791304E-7, 3.0692181171635175E-7]
[0.0, 0.9461549939413219, 0.0353615055145492, 0.018168744372149187, 1.9604819168906186E-4, 4.528624180229313E-5, 4.441480838776889E-5, 1.5038931159469737E-5, 1.396799894111555E-5]
[0.0, 0.9698416566615304, 0.022329934171841436, 0.007625901696417773, 1.0352556404866464E-4, 2.647674109938148E-5, 2.612236783351996E-5, 8.984099361745833E-6, 3.739869786698872E-5]
[0.0, 0.999203902811353, 4.8497622124324624E-4, 3.023362389496884E-4, 7.1290192514555855E-6, 5.956146849519435E-7, 6.214054968646356E-7, 2.1934663500700786E-7, 2.1934238597272785E-7]
[0.0, 0.9994198367999523, 2.0352133457950813E-4, 3.752812982361269E-4, 6.86524546246563E-7, 2.567189217474563E-7, 2.490219625724952E-7, 8.444176623459636E-8, 8.386003535138157E-8]
[0.0, 0.9993898091041614, 1.992384965214676E-4, 4.064643850107472E-4, 2.7128836377311696E-6, 6.680006475900934E-7, 6.62405620254809E-7, 2.267090410946939E-7, 2.1801535956207104E-7]
[0.0, 0.9996127120983649, 2.3745713595761886E-4, 1.452520912901113E-4, 2.769741087927126E-6, 6.811490765836956E-7, 6.750391514664563E-7, 2.3011852275250903E-7, 2.2262654866923234E-7]
[0.0, 0.9984458301164194, 0.001034951106870621, 5.071426639068117E-4, 7.258159702143976E-6, 1.7871962195176707E-6, 1.8123310346853557E-6, 6.083194148166536E-7, 6.10106432049038E-7]
[0.0, 0.9996744861770752, 2.073279656957145E-4, 1.1193724262597654E-4, 4.697582203886637E-6, 4.644341661138154E-7, 7.97649515689396E-7, 1.4455779726503128E-7, 1.4439092022367706E-7]
[0.0, 0.9296779261154566, 0.05651426928426004, 0.013128472876716186, 2.9099325996893323E-4, 7.687611191949788E-5, 2.655280510494068E-4, 2.214783565067845E-5, 2.3786464978560903E-5]
[1.0, 0.03159591959735564, 0.9673177485613623, 0.0010676165582018022, 1.113078638412346E-5, 2.9865404067195743E-6, 2.7528419494469676E-6, 9.229208720661332E-7, 9.221934679335393E-7]
[0.0, 0.9995401572235014, 2.32884339381511E-4, 2.22685037950111E-4, 2.5856277794957455E-6, 6.36666094744329E-7, 6.309440654176495E-7, 2.1582140951940392E-7, 2.043398177192724E-7]
[0.0, 0.9989993454650417, 2.6189980264096726E-4, 7.283944902654457E-4, 7.698784279284182E-6, 1.0075174008476262E-6, 9.928062103297467E-7, 3.396003662403097E-7, 3.215337954166406E-7]
[2.0, 0.02535923701001245, 0.003717392669700928, 0.970848384924251, 5.679083849528351E-5, 7.551418621390356E-6, 6.136257630661785E-6, 2.295123064293931E-6, 2.211758223976096E-6]
[2.0, 0.06628671384188438, 0.0049778456571641806, 0.9286504913722176, 2.658757411432613E-5, 4.457811489986901E-5, 8.250680199935015E-6, 2.7549537121838143E-6, 2.7778058075662935E-6]
[0.0, 0.9953720063284648, 0.00401229208346209, 6.038443551797518E-4, 7.803613204775375E-6, 1.3717312865000219E-6, 1.6845058574216654E-6, 4.926908486698741E-7, 5.046916961925552E-7]
[0.0, 0.9993789161032933, 3.2633715676549696E-4, 2.8942427263400184E-4, 3.259000847842403E-6, 7.958921221433424E-7, 7.385383035944273E-7, 2.7166344830300343E-7, 2.5737258512277307E-7]
