[0.0, 0.983904190211964, 0.014682582992171102, 0.0013866570906131386, 1.486377164219828E-5, 4.993235365540685E-6, 4.064246269227345E-6, 1.3219247159570741E-6, 1.326527258893199E-6]
[2.0, 0.003925675441260532, 0.0036949595587509525, 0.9923060614033439, 6.0430563020755386E-5, 5.4956385210823865E-6, 4.479516917131704E-6, 1.4904543039266349E-6, 1.4074238816817266E-6]
[2.0, 0.005412072933126589, 0.0039057776980611966, 0.9906028558958485, 6.277843002862392E-5, 7.045058436701149E-6, 5.7501265928015195E-6, 1.9132199044917775E-6, 1.8066380011762539E-6]
[2.0, 0.020545796769183954, 0.005395407429625535, 0.9740003190225338, 3.226340400553011E-5, 1.1169339423457485E-5, 9.124976524156723E-6, 3.039693415326638E-6, 2.8793652882371025E-6]
[2.0, 0.010311943107322797, 0.0022596025700802385, 0.9873899965780192, 2.1161254060532272E-5, 7.351889385433851E-6, 6.041254061003599E-6, 2.00808950049143E-6, 1.8952575704628566E-6]
[0.0, 0.9995536281139624, 2.656974617895697E-4, 1.564970205560908E-4, 5.872132001201166E-6, 1.7201532340046888E-5, 6.921914374288855E-7, 2.0679199858890734E-7, 2.0475591473763636E-7]
[0.0, 0.9990306392929188, 7.779256598521399E-4, 1.8083314311645058E-4, 6.421600516316543E-6, 2.103727656880572E-6, 1.2559208892304012E-6, 4.1765706261964333E-7, 4.02997987705345E-7]
[0.0, 0.9828826797511181, 0.006281488411579202, 0.010787600904525324, 2.0554140813504198E-5, 1.1140177817194481E-5, 9.695291611294338E-6, 3.4138857321575405E-6, 3.427436803469062E-6]
[0.0, 0.9995146449200253, 1.650087065694225E-4, 3.183879325904047E-4, 9.444275495617059E-7, 4.522066263598539E-7, 3.354968417304019E-7, 1.124034851125907E-7, 1.1390631231164271E-7]
[0.0, 0.9829414092875416, 0.016156285083609025, 8.506136684013703E-4, 2.7415145120215894E-5, 1.2017839963523805E-5, 6.745466363288153E-6, 2.6859858958489917E-6, 2.827523105056785E-6]
[0.0, 0.9996178935010854, 2.2352824214031978E-4, 1.517474703169679E-4, 3.876759154125219E-6, 1.4955427888833202E-6, 8.736945067833209E-7, 3.0088486042337156E-7, 2.83905146864336E-7]
[0.0, 0.9992826531667024, 2.9178726601379856E-4, 4.20488517740603E-4, 2.8821240666458213E-6, 9.358006182233464E-7, 7.612649857153748E-7, 2.530262401715006E-7, 2.3883363247554084E-7]
[0.0, 0.9994281401696219, 2.61435768886644E-4, 2.9819599098734905E-4, 9.981121353707587E-6, 9.512266502968697E-7, 7.782618246942005E-7, 2.577600794257526E-7, 2.597005961318661E-7]
[0.0, 0.9355250389028418, 0.04211182651334952, 0.02208460640741994, 1.6414086469172194E-4, 4.690540278456147E-5, 3.9864214053188474E-5, 1.4325598430329417E-5, 1.3292096428764241E-5]
[0.0, 0.9989156193940283, 9.047769398448678E-4, 1.641162074318575E-4, 8.852988391852976E-6, 1.6189861533980237E-6, 4.405791075447716E-6, 3.054685534995555E-7, 3.042245209066549E-7]
[0.0, 0.9982014955386155, 0.001292338794212362, 4.30826899730042E-4, 8.058908010830014E-6, 6.270924304450558E-5, 1.8978018794303863E-6, 6.396089052273683E-7, 2.03320560214352E-6]
[1.0, 0.044177724324025815, 0.9549115584758453, 8.463780906597058E-4, 5.2525807079163906E-5, 4.99916675328527E-6, 4.090479588513483E-6, 1.3564664454858903E-6, 1.3671896026181297E-6]
[1.0, 0.019562348305055148, 0.9788541097383695, 0.001517188722352945, 3.0380684773107037E-5, 8.596727260625537E-6, 2.3876661967121363E-5, 1.7400771719383865E-6, 1.7590830494646988E-6]
[0.0, 0.9996541092255716, 1.6871014787072185E-4, 1.738139568880358E-4, 1.8456832152913996E-6, 6.476330989180344E-7, 5.295225656985675E-7, 1.7616832472870552E-7, 1.6766246508628098E-7]
[0.0, 0.9996647477065561, 2.3820407527930633E-4, 9.266239030699528E-5, 2.6277397754508416E-6, 7.470107328620244E-7, 6.122345480259338E-7, 2.0430380004402604E-7, 1.945390013593174E-7]
[1.0, 0.007896082284989512, 0.9913749512435533, 6.94724121993604E-4, 1.918025426666762E-5, 7.51500631508022E-6, 4.5269384748206574E-6, 1.5131581864351777E-6, 1.506992220232308E-6]
[1.0, 0.009806919773113858, 0.988767998034273, 0.0013791947710978995, 2.582511734584359E-5, 1.0047375814128868E-5, 5.998261764369207E-6, 1.989464774623859E-6, 2.0272018163692213E-6]
[0.0, 0.9996777524075475, 2.2170418811022833E-4, 9.837813348181291E-5, 1.302131992244029E-6, 3.7729155191501907E-7, 2.894940477699066E-7, 9.842684980777316E-8, 9.792641880883653E-8]
[0.0, 0.8590050878161529, 0.11854876573129577, 0.02168471385534933, 3.1753260582079737E-4, 1.0576033450856498E-4, 2.9305252615073363E-4, 2.417174943426998E-5, 2.091538128753033E-5]
[0.0, 0.9995125193659734, 1.88719648511945E-4, 2.947890630244269E-4, 2.177353151197774E-6, 7.64012999124841E-7, 6.267776649419061E-7, 2.0782583588089866E-7, 1.9595283931196105E-7]
[0.0, 0.9973599175530609, 0.0019234119170392064, 6.921263788934094E-4, 8.810850898926735E-6, 1.179699879111581E-5, 2.3443741215389285E-6, 7.906682457494892E-7, 8.012589493172094E-7]
[0.0, 0.9995305412711063, 2.484103676504742E-4, 2.1698226395260183E-4, 2.2320511567069143E-6, 7.802149096217348E-7, 6.382993551495359E-7, 2.1289385958630254E-7, 2.0263800960699278E-7]
[0.0, 0.9993719583030326, 2.7253728764279006E-4, 3.512677731322231E-4, 2.4076693181096727E-6, 7.81749287769746E-7, 6.342765198573226E-7, 2.1155211151005917E-7, 2.0138895501403714E-7]
[0.0, 0.9995596952350773, 2.6503181118085213E-4, 1.718651407469265E-4, 1.8681728193156758E-6, 6.555244921035015E-7, 5.377763348837014E-7, 1.7831493137926406E-7, 1.68024417394922E-7]
[0.0, 0.9997556988022603, 1.5371598526496E-4, 8.714050648331858E-5, 1.3013770677188556E-6, 1.661377191931305E-6, 2.871938096829954E-7, 9.754995726347096E-8, 9.720796463457271E-8]
[0.0, 0.9991490943965928, 6.555960032682073E-4, 1.7762032164531905E-4, 4.004617185470164E-6, 1.53633519510062E-6, 1.153575521860865E-5, 3.044491140205794E-7, 3.0812178039748454E-7]
[0.0, 0.9998111198290942, 1.423127720236821E-4, 3.555043716141481E-5, 8.422583399727875E-7, 2.727854153704993E-7, 9.799857203904507E-6, 5.109359162449435E-8, 5.0967169784160014E-8]
[2.0, 0.029627686160578936, 0.0018008689762193868, 0.9685399154241603, 1.729529380854568E-5, 6.06875797164244E-6, 4.977424110799717E-6, 1.6499336987544418E-6, 1.5380294517319209E-6]
[0.0, 0.999124051694689, 5.943208275722846E-4, 2.5311325750533727E-4, 6.435318668784902E-6, 2.0734241445734813E-5, 8.434809106113133E-7, 2.5181078958707656E-7, 2.493684188342622E-7]
[0.0, 0.9994235963033528, 4.4137654559814733E-4, 1.1452240990184719E-4, 2.3473633024672143E-6, 1.718642626783634E-5, 6.102704022726026E-7, 1.8015817518619162E-7, 1.805229994158514E-7]
[0.0, 0.7297784232205242, 0.23031146023605145, 0.03906087221498661, 3.54035832437611E-4, 1.1773418276573257E-4, 3.2674154761376756E-4, 2.568629073445539E-5, 2.504647488630651E-5]
[1.0, 0.02394104783442527, 0.9742293925728945, 0.0017961034393474548, 1.9170863051259078E-5, 6.042837707676972E-6, 4.94865387205678E-6, 1.6505095048627974E-6, 1.643289197019292E-6]
[0.0, 0.9980636014790368, 0.0015618507762948355, 3.1905445677429074E-4, 6.434892235580056E-6, 4.530754447381998E-5, 1.5526090699233791E-6, 5.260429515907985E-7, 1.6721991632719978E-6]
[0.0, 0.9998225190814735, 1.065333486345952E-4, 5.54795027486785E-5, 7.616678582981821E-7, 3.106863287929075E-7, 1.4278605257917654E-5, 5.8443128754735735E-8, 5.8664569792160275E-8]
[0.0, 0.9993449895625035, 4.623479026506751E-4, 1.8195021024852587E-4, 4.750046498662511E-6, 9.733037341747391E-7, 4.3489718875584314E-6, 3.193847447876986E-7, 3.2061773210009584E-7]
[0.0, 0.997640855755343, 0.0021155776632350563, 2.2935356944854708E-4, 7.477939892886932E-6, 2.520662425609258E-6, 1.729081237783961E-6, 5.902398703132353E-7, 1.8950885468380601E-6]
[0.0, 0.9996983612427679, 1.2742308412709027E-4, 1.6122026382022432E-4, 2.0061782122316255E-6, 1.0361075673307589E-5, 3.831935261352885E-7, 1.2332464700967088E-7, 1.2163722613114295E-7]
[0.0, 0.999429033724805, 1.9411020333972255E-4, 3.745399113836205E-4, 1.1233123775101993E-6, 5.319593251726462E-7, 3.9466620593577174E-7, 1.322273460892738E-7, 1.3399521700504106E-7]
[0.0, 0.9991422911354831, 5.801716754304162E-4, 2.64629206205771E-4, 5.465561817108552E-6, 1.7851518716274563E-6, 4.9581039977905875E-6, 3.559187289272121E-7, 3.432464653133714E-7]
[0.0, 0.9998585159190642, 8.086674444385306E-5, 4.8258366706937566E-5, 7.018942140856737E-7, 2.728102554880583E-7, 1.127968843788834E-5, 5.2617361442574695E-8, 5.195951611790452E-8]
[0.0, 0.9991821288635593, 6.734145985427414E-4, 1.225181903497648E-4, 2.5112526374376615E-6, 1.838635640587413E-5, 6.528785534162625E-7, 1.9473311089060528E-7, 1.9312684062357492E-7]
[0.0, 0.9990601064687659, 7.681608499491072E-4, 1.658679704483075E-4, 3.044143969040474E-6, 1.084893617603715E-6, 7.261074120819218E-7, 2.41987933865586E-7, 7.675779044339443E-7]
[0.0, 0.9993649317578758, 5.018460910027632E-4, 1.1020201056938526E-4, 3.1440249351700442E-6, 1.884473201623059E-5, 6.482536304985052E-7, 1.9137121953403553E-7, 1.9175875042278597E-7]
[0.0, 0.9812360094309531, 0.01084014926723732, 0.007040683117199712, 2.686648574102497E-4, 5.79012327547404E-4, 2.180810928188064E-5, 6.762636294549257E-6, 6.9102540757940765E-6]
[1.0, 0.030230984037798614, 0.9690060710533335, 7.354628082377613E-4, 1.636764455240789E-5, 4.718738825859743E-6, 3.858264579755867E-6, 1.2831968634603715E-6, 1.2542558086576686E-6]
[1.0, 0.012000713122201056, 0.9872141845711927, 7.461382742010205E-4, 2.245386262475909E-5, 3.950007551200818E-6, 1.0972905626336082E-5, 8.076214300115275E-7, 7.796351730121358E-7]
[0.0, 0.907345063885956, 0.09220304273578349, 4.4869354425727766E-4, 1.3648348368649727E-6, 6.735932890850369E-7, 6.873639199697726E-7, 2.3717481428700212E-7, 2.3686714275359503E-7]
[0.0, 0.9748885006816352, 0.021101524154168435, 0.003901572371192046, 6.396211210500077E-5, 1.7860552295983878E-5, 1.5194871877428938E-5, 5.568778384144596E-6, 5.816478341663755E-6]
[0.0, 0.9369063634403959, 0.060291547552650225, 0.002691319787090124, 7.212331056908518E-5, 1.566210491830837E-5, 1.3322768169937521E-5, 4.720997264875006E-6, 4.940038941526907E-6]
[2.0, 0.00659265495348843, 0.003796475914368667, 0.9895050925245518, 8.72374260532933E-5, 7.910903207623748E-6, 6.442857855027271E-6, 2.1430892009337654E-6, 2.0423312744011756E-6]
[2.0, 0.010285220928445067, 0.0030278618596520446, 0.9865908741548284, 7.607938231178629E-5, 8.516988743978494E-6, 6.940603951700541E-6, 2.3072797280725955E-6, 2.1988023388766726E-6]
[2.0, 0.018695087679299633, 0.003974750508805112, 0.9772709978406038, 3.52912585601677E-5, 1.0159700256544533E-5, 8.315552355241433E-6, 2.7643814027347124E-6, 2.633078716666982E-6]
[2.0, 0.016979878582566513, 0.003488110544703796, 0.9794738085218637, 3.471676421928266E-5, 9.994313967117587E-6, 8.180186319448891E-6, 2.720870632056665E-6, 2.5902157278265286E-6]
[0.0, 0.9906769801951949, 0.007692561015251035, 0.0015042883025443848, 1.600662810000399E-5, 1.0424566436533143E-4, 3.740061211319567E-6, 1.0743947168349995E-6, 1.1037386161404944E-6]
[0.0, 0.9989006036254886, 5.018398290556902E-4, 5.596093946708381E-4, 4.393147889036316E-6, 3.099665524580357E-5, 1.0546769395034261E-6, 3.5865415506578374E-7, 1.1440165554814762E-6]
[0.0, 0.9995425658683966, 2.857816370590282E-4, 1.6716442283189325E-4, 2.6897179239765262E-6, 7.635284376338758E-7, 6.268682752079987E-7, 2.089725087030009E-7, 1.9898456683562687E-7]
[0.0, 0.9990630940668664, 7.518747977763283E-4, 1.747774754438383E-4, 6.2065565371935E-6, 2.040066977900884E-6, 1.2138631148799698E-6, 4.036707306411341E-7, 3.8950255294036103E-7]
[0.0, 0.9992243904059713, 5.746933630874307E-4, 1.9236879922748248E-4, 4.852576674288624E-6, 1.8719852753848292E-6, 1.1177443996795041E-6, 3.6589738519655035E-7, 3.392279793351474E-7]
[0.0, 0.9992588413773994, 4.615925839361056E-4, 2.7060824044245515E-4, 5.067079509455737E-6, 1.9713696332832874E-6, 1.1769034336441732E-6, 3.85263293757249E-7, 3.5718235204952494E-7]
[0.0, 0.9992995938961656, 4.0111971826035486E-4, 2.931708239837307E-4, 3.344353306277658E-6, 1.169020837519808E-6, 9.607950448355487E-7, 3.213839879520384E-7, 3.2000841375116087E-7]
[0.0, 0.9991408318389573, 4.130560437001663E-4, 4.4020072499197636E-4, 3.232469939210282E-6, 1.1299119349920376E-6, 9.28918598405506E-7, 3.1063227621568574E-7, 3.094596017449017E-7]
[0.0, 0.9994350055248521, 2.238353223310623E-4, 3.362488033648983E-4, 2.9195357640762324E-6, 8.416926894594558E-7, 6.882078476104663E-7, 2.290122644321256E-7, 2.319008860799509E-7]
[0.0, 0.9996091704074311, 1.94532745966353E-4, 1.928888827130936E-4, 1.8682652882023897E-6, 6.555569385770674E-7, 5.36104077248053E-7, 1.7832375742737833E-7, 1.6971382795269625E-7]
[0.0, 0.999517761009405, 3.454486678072497E-4, 1.3134929972119687E-4, 2.343096035139337E-6, 7.535094028518229E-7, 2.059639528152814E-6, 1.4334407873857597E-7, 1.4143402173559384E-7]
[1.0, 0.10778826295521564, 0.8916962167888446, 5.028068532428177E-4, 6.389810318421444E-6, 2.5793073706448444E-6, 1.5802222592583346E-6, 5.286859261161753E-7, 1.6353768224690284E-6]
[0.0, 0.999270709765047, 2.727219121095924E-4, 4.527494666473709E-4, 1.383384083114411E-6, 7.314893061488491E-7, 7.156969333364097E-7, 2.3925915957997855E-7, 7.490267138434511E-7]
[0.0, 0.9996413225538658, 1.5199734018272088E-4, 2.0274827711999814E-4, 2.1634160886524096E-6, 7.516187714085034E-7, 6.176772914391398E-7, 2.053649351127757E-7, 1.9375174474489475E-7]
[0.0, 0.999538069077362, 2.1040482344545066E-4, 2.4781203451726213E-4, 2.038685557244942E-6, 7.12623840638012E-7, 5.848501159914001E-7, 1.944505776494254E-7, 1.8345458374157006E-7]
[0.0, 0.8972001529543899, 0.07517766239550876, 0.027210885855033156, 2.526018975286122E-4, 6.530715770471841E-5, 5.609171050272455E-5, 1.942811045084694E-5, 1.7869918881342924E-5]
[0.0, 0.9996248654890832, 2.975154143511011E-4, 7.291676523023854E-5, 2.3764180899037042E-6, 9.538583076579283E-7, 5.774383603150678E-7, 1.936357404571959E-7, 6.00980837020415E-7]
[0.0, 0.9984747613194532, 0.0013482766280690796, 1.519988695478169E-4, 2.833987457867206E-6, 2.0952902284253547E-5, 7.372041021265384E-7, 2.2101805471629104E-7, 2.1807103081185583E-7]
[1.0, 0.01191322614025903, 0.9871329495003327, 9.204091159541976E-4, 1.87733695405819E-5, 7.34878009411287E-6, 4.424477708744745E-6, 1.4692319363248245E-6, 1.3993841743694384E-6]
[1.0, 0.012403035779249004, 0.9869076004293587, 6.595158986700007E-4, 1.6833354264776565E-5, 6.539813022632242E-6, 3.9220176066582145E-6, 1.3071773906153731E-6, 1.245530437394527E-6]
[2.0, 0.018339062242295825, 0.0019004720917468376, 0.979718186049155, 1.790357602588225E-5, 5.847633476833729E-6, 1.6241293180658847E-5, 1.1643114420625356E-6, 1.1228026769227215E-6]
[0.0, 0.9995431329827573, 2.8600695759871414E-4, 1.3710283211943033E-4, 2.4614926518963807E-5, 8.568510021359342E-6, 3.4233631505416025E-7, 1.1597019632180544E-7, 1.1548447286044832E-7]
[0.0, 0.9988107775364989, 8.467862274716229E-4, 2.872440388294479E-4, 5.906860002960245E-6, 4.593716774904826E-5, 1.390219990823046E-6, 4.68540523641181E-7, 1.489408933666837E-6]
[1.0, 0.07864595661132272, 0.9204563869080953, 8.606020992181592E-4, 2.441106875867274E-5, 4.833215922953151E-6, 4.774256994741009E-6, 1.5154667216830571E-6, 1.5203729657466131E-6]
[2.0, 0.026106997859644817, 0.008647039682410113, 0.9651940191224548, 3.101470385649024E-5, 8.936852105204942E-6, 7.2763952047051E-6, 2.4210986758662766E-6, 2.294285647953766E-6]
[1.0, 0.017918646080600932, 0.9815345487860926, 2.881337791004857E-4, 1.8238956961308639E-4, 7.254802106467535E-5, 2.2271502809089736E-6, 7.543318378789915E-7, 7.522814095457282E-7]
[0.0, 0.9996207222350484, 2.654837272135808E-4, 1.0892088828500051E-4, 2.7475711443702793E-6, 1.0664528224535678E-6, 6.421470969741397E-7, 2.131625189963243E-7, 2.0381587039389802E-7]
[0.0, 0.9995903172019919, 2.621310416630489E-4, 1.4244734120607462E-4, 2.8661842765966186E-6, 1.1229983001966468E-6, 6.760902418333208E-7, 2.2455298109153615E-7, 2.1458933903679805E-7]
[0.0, 0.9994929745705136, 4.060579821621483E-4, 7.679151073248704E-5, 5.87177567653438E-6, 1.7200488540234825E-5, 6.921494348166754E-7, 2.0677945032024174E-7, 2.047434900198207E-7]
[0.0, 0.9857790770614937, 0.01087584316760773, 0.003276701957498593, 4.3008536215805725E-5, 1.0078302034926538E-5, 9.079839985402119E-6, 3.086345584306477E-6, 3.124789579570833E-6]
[0.0, 0.8918527399453714, 0.06553695043713882, 0.04226831128814173, 2.0153691724671198E-4, 5.759181479377577E-5, 4.910154673083429E-5, 1.758938549998106E-5, 1.6178665076697077E-5]
[0.0, 0.9489941867234, 0.0052039039786227394, 0.04575764607713713, 2.4666544973650074E-5, 8.372278051818116E-6, 6.7408680147882916E-6, 2.232282658393785E-6, 2.2512471417925543E-6]
[2.0, 0.20108679823470305, 0.01616268119407502, 0.78255004965804, 1.1111490984753761E-4, 3.814342014066658E-5, 3.077280521828625E-5, 1.01766607894712E-5, 1.0263117185963432E-5]
[0.0, 0.9992217159565235, 6.152538279419834E-4, 1.5803086671060368E-4, 2.7411900390996336E-6, 9.581847316472373E-7, 7.873489295046553E-7, 2.6099472736799707E-7, 2.516303961334352E-7]
[0.0, 0.998493304726387, 8.897992319642715E-4, 6.096318500467083E-4, 4.1258799810700605E-6, 1.3367656693316074E-6, 1.090823867231226E-6, 3.61885109767366E-7, 3.488369745023967E-7]
[1.0, 0.012951352455943685, 0.9864125066198215, 5.884975272293788E-4, 2.8742891056725706E-5, 9.520660372330246E-6, 5.683813777781433E-6, 1.8724237382299726E-6, 1.8236080603587947E-6]
[2.0, 0.03878339482279835, 0.004093445829221511, 0.9569835773919273, 1.1502430947690279E-4, 1.0465231845763402E-5, 8.544144204000816E-6, 2.836802557535656E-6, 2.711467968439351E-6]
[1.0, 0.01358671301701125, 0.9851990372528262, 0.0011601161165766898, 3.265838826784788E-5, 1.0817611297076474E-5, 6.45809069208068E-6, 2.1274944585207516E-6, 2.072028870235676E-6]
[0.0, 0.9996483244285609, 2.869455657614154E-4, 6.0331575008783374E-5, 2.660409591095828E-6, 8.810850296218184E-7, 5.14728937287304E-7, 1.733969865606975E-7, 1.6881012448066787E-7]
[1.0, 0.02285520436537009, 0.9748725748727259, 0.0022457016218912634, 1.4509802855244556E-5, 5.0719108696576915E-6, 4.161717436910234E-6, 1.383950328560943E-6, 1.3917585223709363E-6]
[0.0, 0.9995482976216435, 2.3825631264268383E-4, 2.0662637011367323E-4, 4.114169912996258E-6, 1.3627583383450685E-6, 8.135637987658229E-7, 2.681484337975167E-7, 2.610551162768306E-7]
[0.0, 0.9997630604265129, 1.5766588348187233E-4, 7.57002940248501E-5, 1.7600554384350442E-6, 5.980769702737177E-7, 9.77864406739742E-7, 1.1739232330471817E-7, 1.2000684168904826E-7]
[0.0, 0.9995927154058287, 2.826516878066813E-4, 1.2133494734323637E-4, 1.9698494505691415E-6, 6.686269252229138E-7, 3.991688371557226E-7, 1.3122478577971606E-7, 1.290890228271198E-7]
[0.0, 0.9996734074683946, 2.3308646662651263E-4, 8.949405064779693E-5, 1.6359714704063765E-6, 6.700548576964237E-7, 1.4540209725257258E-6, 1.2694682672621784E-7, 1.250202037403487E-7]
[1.0, 0.030387918036393173, 0.9677114801983322, 0.001836336428875621, 4.868773872431413E-5, 6.647518187208137E-6, 5.4149286115368835E-6, 1.8005216218827245E-6, 1.7146292540472055E-6]
[0.0, 0.9995699399386693, 2.2391975505720683E-4, 2.0094493134222065E-4, 2.9206370396080407E-6, 1.1408977027451365E-6, 6.888542251225362E-7, 2.2898338688668624E-7, 2.1600257701984718E-7]
[0.0, 0.9994049931577583, 4.710382267033552E-4, 1.1714989767275857E-4, 4.113580067647997E-6, 1.3625629607394576E-6, 8.134471587552343E-7, 2.681099895646182E-7, 2.6101768900736143E-7]
[0.0, 0.9994948989493113, 2.181205280089034E-4, 2.8468122966247275E-4, 1.3654942316708455E-6, 4.0636341475357095E-7, 3.1433901981533325E-7, 1.0684117691520892E-7, 1.0625517414704155E-7]
[0.0, 0.9996612372692113, 2.601020549078215E-4, 7.376883331594404E-5, 2.4260451364886092E-6, 9.773249285240686E-7, 5.925552696164954E-7, 1.992037803181616E-7, 6.967134500373054E-7]
[0.0, 0.9967595620082025, 0.0020225636708825216, 0.0012014041708385242, 8.435031879647784E-6, 3.078648877130476E-6, 2.0735485254699414E-6, 6.909566190568396E-7, 2.191964175146469E-6]
[0.0, 0.9968329401701532, 0.002257586213609438, 8.87583641821279E-4, 1.1347924626134147E-5, 3.906300315136228E-6, 2.540887420378337E-6, 9.286865201137329E-7, 3.1661755343392514E-6]
[0.0, 0.9992921805543196, 5.118361529910244E-4, 1.8859884143813979E-4, 3.1571942959980316E-6, 3.316823516635093E-6, 5.223602859571141E-7, 1.9300815298630232E-7, 1.9506499962203678E-7]
[0.0, 0.9998552288374863, 9.054223465257431E-5, 5.125733843734989E-5, 9.755790365138932E-7, 1.5704643892883884E-6, 2.405270614798105E-7, 9.264718293171493E-8, 9.237175362113113E-8]
[2.0, 0.020856157752243653, 0.0034795119535512456, 0.9754596868029068, 1.2314276648258307E-4, 5.9625102784491895E-5, 1.3099022830322083E-5, 4.368717535651597E-6, 4.407881665326633E-6]
[2.0, 0.07143964053222664, 0.004867479070218614, 0.9235513098071297, 4.1080841626299096E-5, 7.351803789919445E-5, 1.6150121962037877E-5, 5.386649688769113E-6, 5.434939248623542E-6]
[2.0, 0.019152020000059545, 0.004921583155608671, 0.975804395489867, 4.713735136280085E-5, 5.4774274178079974E-5, 1.2030630956585458E-5, 4.0123538780529596E-6, 4.046744089296447E-6]
[2.0, 0.03981299132655723, 0.006701789577919606, 0.953377290761342, 2.5896508361311062E-5, 6.0003332594012174E-5, 1.3172121893063919E-5, 4.395395609386888E-6, 4.460975723260947E-6]
[4.0, 0.05577473865900262, 0.02277657734538265, 0.004571729828308254, 2.884728724938336E-4, 0.9165373530185448, 3.03871859759808E-5, 1.036340753063476E-5, 1.0377682761286982E-5]
[4.0, 0.05176109227706923, 0.019024413891298383, 0.005609532981324836, 2.90315432533906E-4, 0.9232631905613383, 3.058127776050652E-5, 1.0429610639145756E-5, 1.0443968035875163E-5]
[0.0, 0.9990099390613695, 6.081340946065414E-4, 3.7537047396589976E-4, 3.5898959997867963E-6, 1.259661166051355E-6, 1.034881859535681E-6, 3.4231112179947077E-7, 3.296199110640464E-7]
[0.0, 0.9996677480016528, 1.9516774100694317E-4, 1.1228474715708308E-4, 2.3090132161749935E-6, 2.1169905056403188E-5, 5.520931176736176E-7, 1.862833840271006E-7, 5.822154089317049E-7]
[0.0, 0.8628347671634264, 0.08404237214798947, 0.052762562223260014, 1.4257341429628923E-4, 1.0044065319278752E-4, 7.10840482695233E-5, 2.3136463139429324E-5, 2.3063886425934237E-5]
[0.0, 0.9998675967538009, 9.915494240941507E-5, 2.5557020084574563E-5, 1.0643491091961231E-6, 6.31747775659801E-6, 1.7966402887177841E-7, 6.462954413990704E-8, 6.516326628688316E-8]
[0.0, 0.9625510135863926, 0.029815675791960133, 0.007378930456450266, 1.3103115799838262E-4, 4.5010517163369066E-5, 3.151663693091176E-5, 1.0700831267631531E-5, 3.612102183686227E-5]
[2.0, 0.033954475389338275, 0.01043719696072768, 0.9555733328415212, 2.0051598833923497E-5, 6.320453972722245E-6, 5.175556662468894E-6, 1.7278545607715508E-6, 1.7193443831293808E-6]
[1.0, 0.005982874739721776, 0.9937736952520577, 2.253136002364844E-4, 1.0972559472199879E-5, 3.5946298387422023E-6, 2.1459862871325706E-6, 7.145189417709172E-7, 6.887134440936643E-7]
[1.0, 0.016281275126257554, 0.9821552852914468, 0.0015134863212633446, 3.013526242196224E-5, 9.981862930361476E-6, 5.959150713578917E-6, 1.9645089938751658E-6, 1.912475972670843E-6]
[0.0, 0.9993004918531941, 2.4290722056619912E-4, 4.5276296031269357E-4, 1.383425313249851E-6, 7.423217903142579E-7, 7.21948315213809E-7, 2.4122147047523204E-7, 7.490490377036407E-7]
[0.0, 0.9992843739669832, 5.470306544184975E-4, 1.6134752221981353E-4, 4.0810995485685E-6, 1.5797660409909226E-6, 9.520636887666582E-7, 3.1813764548899323E-7, 3.1678945477569864E-7]
[0.0, 0.9990182799792418, 6.52706072946833E-4, 3.226347402707081E-4, 3.4882808293643795E-6, 1.219330795282094E-6, 1.0024312676669757E-6, 3.3521506293411115E-7, 3.3394958546565856E-7]
[0.0, 0.999347461691477, 3.0070786649968086E-4, 3.3576030811356195E-4, 3.746716416594178E-6, 8.704597184949803E-7, 1.088136256115858E-5, 2.833167390020809E-7, 2.882784744354892E-7]
[0.0, 0.9995892892574803, 2.0627308092218444E-4, 2.004626840253061E-4, 2.17902790499324E-6, 7.646006546778071E-7, 6.272597632513592E-7, 2.0798568919052183E-7, 1.961035602738728E-7]
[1.0, 0.36738635094537625, 0.6075287326031701, 0.024715042531934683, 2.2654041999765814E-4, 5.856927869516264E-5, 5.0229129407188764E-5, 1.7332679127259823E-5, 1.7202412291845876E-5]
[1.0, 0.4821100296312512, 0.48513822581078964, 0.03188113661693282, 3.6328534980648437E-4, 1.208100984460858E-4, 3.352779762542744E-4, 2.566302573877186E-5, 2.5571490780634807E-5]
[0.0, 0.9997746911781921, 1.320701672371894E-4, 8.502085605727042E-5, 6.718188558313577E-6, 6.394065460508741E-7, 5.215889877575689E-7, 1.7349561787913144E-7, 1.6511880339486927E-7]
[0.0, 0.9993411913909721, 4.2376513744154875E-4, 2.287451576746365E-4, 3.8055132678576727E-6, 1.2605203594226352E-6, 7.525279451079508E-7, 2.482189769362176E-7, 2.3153336263582955E-7]
[0.0, 0.9996021075486973, 2.5146947304217123E-4, 1.412879245149581E-4, 2.5423702477987387E-6, 1.0284038474937813E-6, 6.20436442910718E-7, 2.1094064697868002E-7, 7.329025604819678E-7]
[0.0, 0.9990841877514834, 7.785234416394272E-4, 1.0364697634037442E-4, 2.0890956998049103E-5, 1.4378606790988932E-6, 1.0736741085204405E-5, 2.9021272199699613E-7, 2.86059052242983E-7]
[0.0, 0.9995712339688685, 3.692571552565459E-4, 5.2619369642736496E-5, 4.04699687880951E-6, 2.1194789913511764E-6, 4.4133620075627605E-7, 1.4173719135639337E-7, 1.399569699574066E-7]
[0.0, 0.9986031498857711, 9.712619861572399E-4, 4.2095812609318166E-4, 2.9341425422285248E-6, 7.490410335181321E-7, 5.639419487570894E-7, 1.9178013967393212E-7, 1.9109631410356418E-7]
[1.0, 0.02690827007173296, 0.9725205232735209, 5.419786938287202E-4, 1.6491779439613863E-5, 6.387873594489884E-6, 3.857605640857244E-6, 1.2801760890429937E-6, 1.2105261534233327E-6]
[1.0, 0.242710938050534, 0.7563937550025068, 8.561071737812556E-4, 1.7675922213210666E-5, 5.773277602108887E-6, 1.3544987757367675E-5, 1.1158278880410833E-6, 1.08975771721995E-6]
[1.0, 0.024711509841387348, 0.9745002406025636, 7.302441508310942E-4, 4.6000997370817005E-5, 5.082937419970602E-6, 4.157444337103103E-6, 1.3760732029142902E-6, 1.3879528872322407E-6]
[1.0, 0.007749168503782777, 0.9910409115585158, 0.0011750685146101286, 1.3302863835738064E-5, 5.159998989109356E-6, 1.4331448221923372E-5, 1.0173557202177365E-6, 1.0397563242254928E-6]
[0.0, 0.9996028777775164, 2.759528433011771E-4, 1.1226923491694085E-4, 3.41938525063068E-6, 1.3151405947343197E-6, 3.653254707608959E-6, 2.5945115428386177E-7, 2.5291255807360983E-7]
[0.0, 0.9995416022071745, 2.935485567972382E-4, 1.6184327737146355E-4, 1.6438605882617652E-6, 5.746125201689522E-7, 4.72262635839835E-7, 1.5797089096449903E-7, 1.5725202172854774E-7]
[0.0, 0.9994874657304462, 2.822573384551583E-4, 2.2727113524824218E-4, 1.6437715546284633E-6, 5.745813984054786E-7, 4.722370574795764E-7, 1.5796233505502654E-7, 1.5724350475397063E-7]
[0.0, 0.9993977777346716, 4.580667874980508E-4, 1.373368091938216E-4, 4.113550368756363E-6, 1.36255312341794E-6, 8.134412858954333E-7, 2.681080538858677E-7, 2.61015804533027E-7]
[0.0, 0.9994156786740517, 2.38224701062218E-4, 3.3927783411567423E-4, 4.113624049544362E-6, 1.3625775290964474E-6, 8.134558560330426E-7, 2.6811285616392636E-7, 2.61020479776657E-7]
[0.0, 0.997653845432552, 0.002091042098846901, 2.4021331082514064E-4, 7.898076120367032E-6, 2.656710733148129E-6, 1.724901288408551E-6, 6.220970260284316E-7, 1.997372607890503E-6]
[0.0, 0.9989869968893893, 8.685085235021105E-4, 1.3825748520573198E-4, 3.5321245901370445E-6, 1.3625926321979317E-6, 8.135909527230119E-7, 2.6772989841562115E-7, 2.6106382939737757E-7]
[0.0, 0.9994438576043357, 3.411286840354966E-4, 2.108084918256339E-4, 2.3083305658542922E-6, 8.068784258834885E-7, 6.603023212672119E-7, 2.201694176628061E-7, 2.0953907212777228E-7]
[0.0, 0.9987607472628599, 5.437816325574475E-4, 6.915916763720075E-4, 1.663795926170107E-6, 8.897730459200308E-7, 7.65742628420538E-7, 2.826432582620767E-7, 2.7747335195155294E-7]
[0.0, 0.9996921922041332, 2.1336222269497336E-4, 9.092235819054677E-5, 1.931446595769402E-6, 6.777266726215184E-7, 5.542341344762366E-7, 1.8435434004092416E-7, 1.7545323853317724E-7]
[0.0, 0.9996078324700274, 2.941554057277922E-4, 9.453297672916643E-5, 1.7279021808223911E-6, 7.410854617161045E-7, 4.2595486422372336E-7, 1.4202050005222094E-7, 4.421845088492146E-7]
[1.0, 0.034796167234992, 0.96275000078241, 0.002356124305939379, 7.987030151653297E-5, 7.611846071939708E-6, 6.200449840193935E-6, 2.0617158237105264E-6, 1.963363406416429E-6]
[1.0, 0.042125735264248995, 0.9576130041070349, 2.422678246453558E-4, 1.2455540388895908E-5, 2.471629655674169E-6, 2.4630428418770343E-6, 8.121244750739338E-7, 7.904667092938358E-7]
[1.0, 0.00587199279650039, 0.9937026057347226, 4.020045906870551E-4, 1.4114511759688318E-5, 4.675224650159527E-6, 2.791099066828297E-6, 9.20292504047496E-7, 8.957501092378504E-7]
[0.0, 0.9993689476919809, 5.075764132497801E-4, 1.1449080397730052E-4, 3.4518146181897113E-6, 1.3263299332556997E-6, 3.6785800033740864E-6, 2.6277798825974994E-7, 2.6558824888871537E-7]
[0.0, 0.9995894759681854, 3.2558254438581365E-4, 7.979561665342073E-5, 2.6006055851689343E-6, 1.0438437802228282E-6, 6.318419710996952E-7, 2.1190302761148863E-7, 6.576764113919548E-7]
[0.0, 0.999098481638728, 7.923352848951623E-4, 9.772145070984874E-5, 4.74887480709208E-6, 1.6068242109868077E-6, 4.4643618865762865E-6, 3.193059623140329E-7, 3.2225880019796893E-7]
[1.0, 0.014079706230155194, 0.9840025314147676, 0.0017732760659861094, 1.3170755486947302E-4, 5.433011351518936E-6, 4.452930385345069E-6, 1.4735062246648974E-6, 1.4192862600518728E-6]
[1.0, 0.00852668641622122, 0.9904160031868289, 0.001019007596798438, 1.4637615417661575E-5, 5.686616460520315E-6, 1.5769403493936106E-5, 1.1193640934451856E-6, 1.0898006860441055E-6]
[0.0, 0.9990087227447164, 8.702637087166675E-4, 1.1435736807873332E-4, 4.015523694535426E-6, 1.3300832277889746E-6, 7.94056827998437E-7, 2.617189888451434E-7, 2.5479574912011363E-7]
[0.0, 0.805718417889165, 0.17563523702975495, 0.017883358078259554, 4.52757786040431E-4, 1.4744988595910978E-4, 9.402981816478584E-5, 3.376545888670895E-5, 3.498405376972129E-5]
[0.0, 0.6981374765583827, 0.2353921869001252, 0.06546487975592924, 5.858259956108568E-4, 1.6676811489055435E-4, 1.460337749766988E-4, 5.230520244229196E-5, 5.4523697642337366E-5]
[0.0, 0.9924674022318261, 0.0067970966406372185, 7.03944155176463E-4, 1.3198731622740982E-5, 1.4107152167773068E-5, 2.3484864391212385E-6, 9.438180066378694E-7, 9.587841241333656E-7]
[0.0, 0.9995781226647602, 3.16402867759957E-4, 1.0047224662800676E-4, 2.809297184957651E-6, 1.1007093958385681E-6, 6.626714230025048E-7, 2.1997562623845569E-7, 2.0956722155904492E-7]
[0.0, 0.9991480623460717, 7.243812441862783E-4, 1.2288103044179278E-4, 2.4267397881855755E-6, 8.666723463586776E-7, 5.754707687475528E-7, 1.9331319405953326E-7, 6.131832030851145E-7]
[0.0, 0.9994438576043357, 3.411286840354966E-4, 2.108084918256339E-4, 2.3083305658542922E-6, 8.068784258834885E-7, 6.603023212672119E-7, 2.201694176628061E-7, 2.0953907212777228E-7]
[0.0, 0.9995918651402265, 2.3328869562659274E-4, 1.7043793207513526E-4, 2.477232613173403E-6, 9.676892264278623E-7, 5.841619577054281E-7, 1.9421965351323776E-7, 1.8492862083184692E-7]
[0.0, 0.9996992088407618, 1.781260528647753E-4, 1.1346896194832252E-4, 6.420381602187851E-6, 2.0696479859561883E-6, 4.3102675405708716E-7, 1.384004548420264E-7, 1.3668762808270124E-7]
[0.0, 0.9989962287528658, 5.00131787238257E-4, 5.016619977031825E-4, 8.648430275545041E-7, 4.3844406240894546E-7, 3.594423197449693E-7, 1.6009390961361782E-7, 1.5463887343394935E-7]
[0.0, 0.9944991804458357, 0.0048135673944855, 5.923330833745449E-4, 1.1043927722338642E-5, 8.007421067833504E-5, 2.130238700626911E-6, 8.248111587704404E-7, 8.458880440031559E-7]
[0.0, 0.998656254083959, 0.0012589542768947403, 6.671904669162689E-5, 3.2633155998779942E-6, 1.4023018569648922E-5, 4.928585129926769E-7, 1.4760817446739736E-7, 1.457915978257311E-7]
[0.0, 0.9997424067063072, 1.752925887640432E-4, 7.946065877090671E-5, 1.5646166707712776E-6, 5.437346729891786E-7, 4.4437734615262525E-7, 1.4767496470575807E-7, 1.3964250315100255E-7]
[0.0, 0.9992917105471937, 4.1314101719314546E-4, 2.8625457181980516E-4, 4.784643389339898E-6, 6.360966832297062E-7, 3.051403264279797E-6, 2.1218270480768472E-7, 2.0953775148764306E-7]
[0.0, 0.9993919186282724, 4.6425559694003045E-4, 1.3693289331761707E-4, 3.4667668870291145E-6, 1.3346110412614444E-6, 1.5641075709474226E-6, 2.5854215742483644E-7, 2.6885381329779036E-7]
[0.0, 0.9993817783273339, 4.018280447380165E-4, 2.0899545339897447E-4, 3.721095052033777E-6, 1.5020552123293477E-6, 9.158158046662021E-7, 3.068495793416216E-7, 9.5235888063162E-7]
[0.0, 0.9992254472393944, 6.132647149388662E-4, 1.5374312145664798E-4, 4.2485393296100474E-6, 1.6554997555181723E-6, 9.867854877073852E-7, 3.2065533442014886E-7, 3.334443027466346E-7]
[0.0, 0.9988391346126343, 9.100904827631826E-4, 2.4270014826722322E-4, 4.544506649967404E-6, 1.7680603573086606E-6, 1.0555282328971985E-6, 3.4998795785685485E-7, 3.5667313720381887E-7]
[0.0, 0.9996677480016528, 1.9516774100694317E-4, 1.1228474715708308E-4, 2.3090132161749935E-6, 2.1169905056403188E-5, 5.520931176736176E-7, 1.862833840271006E-7, 5.822154089317049E-7]
[0.0, 0.8687619517182807, 0.10751907590671406, 0.023150678216878072, 3.3899894781920986E-4, 1.130183473265368E-4, 6.84324292670808E-5, 2.5515097703671365E-5, 2.2329336010651607E-5]
[0.0, 0.9977944698208997, 0.0016793468461588678, 5.030311029797335E-4, 9.176634379069603E-6, 1.3146450087611145E-5, 5.197419518244465E-7, 1.556596034774557E-7, 1.5374393992597241E-7]
[0.0, 0.9528388403964919, 0.028926293373571988, 0.01798480637791005, 1.4736405080600917E-4, 4.211120839409735E-5, 3.578969853795318E-5, 1.2861381100181422E-5, 1.1933513187746554E-5]
[0.0, 0.9996455255939372, 2.581095510845734E-4, 9.284813082475976E-5, 1.9286001321351777E-6, 6.699326101448666E-7, 5.551710739993504E-7, 1.840826483845836E-7, 1.7893768890615187E-7]
[0.0, 0.9994907061165383, 3.503249475951617E-4, 1.3169488065578188E-4, 2.9141389474219297E-6, 2.2710544930556212E-5, 6.821879945602018E-7, 2.3084520150887758E-7, 7.363381367523103E-7]
[0.0, 0.9892061018325498, 0.009146301104831087, 0.0013992368377498672, 2.868012651156524E-5, 2.0782718291560644E-4, 7.456294611509765E-6, 2.201175783485214E-6, 2.1954450472620472E-6]
[0.0, 0.9777960869620068, 0.012932639109000313, 0.008399756460067737, 1.3858171839422226E-4, 6.907799226035251E-4, 2.584363956386617E-5, 8.068037853239089E-6, 8.24415051034802E-6]
[1.0, 0.03545825856126531, 0.9619886297575296, 0.002387870911812826, 1.505674299545753E-4, 6.2178589946677105E-6, 5.05258161858113E-6, 1.7083932604755844E-6, 1.6945055635927098E-6]
[1.0, 0.006603318225113898, 0.9929266334872892, 4.3483229419062576E-4, 8.72259213232717E-6, 2.9550880445265433E-6, 2.2362860116256488E-5, 5.827863648712466E-7, 5.926667482538171E-7]
[0.0, 0.9996253023568383, 2.1961574854389022E-4, 1.5217870349042313E-4, 1.5853992542719475E-6, 5.767637659297308E-7, 4.408721298834596E-7, 1.5022960769592983E-7, 1.4992636954215276E-7]
[0.0, 0.9994583611666079, 3.405153264592738E-4, 1.974711501477197E-4, 2.074675067006412E-6, 6.732101208571899E-7, 5.484312430034591E-7, 1.824241301147456E-7, 1.7361622410475791E-7]
[0.0, 0.9744909423326055, 0.022426475325722308, 0.0029740528817737066, 6.416318529286927E-5, 1.785326878440426E-5, 1.5162910521324653E-5, 5.535988911012865E-6, 5.814106388845497E-6]
[0.0, 0.9991317689614911, 5.872903361033832E-4, 2.6787618568255766E-4, 5.532623829286682E-6, 1.8070555442160918E-6, 5.019901782770662E-6, 3.604954616598597E-7, 3.4444010499957886E-7]
[1.0, 0.09302612544772595, 0.9012824618663681, 0.005559579812228578, 1.046365057910133E-4, 1.1583220040803585E-5, 9.500455588783212E-6, 3.1282413632724212E-6, 2.984450893614822E-6]
[0.0, 0.9993486233211514, 5.18810009981216E-4, 1.263482799523037E-4, 2.0286073947967474E-6, 3.2674688832993787E-6, 5.373118945505965E-7, 1.927673683011106E-7, 1.922333740158713E-7]
[0.0, 0.9993181771434949, 4.038671161084029E-4, 2.567714028321635E-4, 1.9314816101096446E-5, 7.967471207992184E-7, 6.504651253107246E-7, 2.1636355727100597E-7, 2.059456600172902E-7]
[0.0, 0.9996715471942772, 2.6204542456447074E-4, 6.40546736003821E-5, 1.1683605363712375E-6, 5.021526773266999E-7, 2.8634241554301163E-7, 9.623178165087148E-8, 2.9962014701630415E-7]
[0.0, 0.9991686991666169, 6.011853990252656E-4, 2.2532787960941094E-4, 2.9562208993302893E-6, 7.757742134750407E-7, 6.328378566506136E-7, 2.1173965853831235E-7, 2.1098212040565082E-7]
[0.0, 0.9984592771428995, 9.098815909145471E-4, 6.233909601924115E-4, 4.218999192448446E-6, 1.3698723445905821E-6, 1.115982604818998E-6, 3.7339386889670496E-7, 3.7205798266668115E-7]
[0.0, 0.9993147846263374, 4.1763480787426505E-4, 2.5703960196059E-4, 8.603547792116984E-6, 8.199403310455162E-7, 6.707222768876815E-7, 2.2385509803920847E-7, 2.2289832965268501E-7]
[0.0, 0.9995343486185362, 2.586615939596543E-4, 1.9853974346225773E-4, 3.4513680731600636E-6, 7.94094921081409E-7, 3.6874250009230987E-6, 2.6187790050117496E-7, 2.5527814629120796E-7]
[0.0, 0.9991635370149222, 7.352352489069348E-4, 9.070070972539931E-5, 4.406644784577782E-6, 1.4910276258501989E-6, 4.0337922518552985E-6, 2.964924640725014E-7, 2.9906931909999235E-7]
[0.0, 0.9992921805543196, 5.118361529910244E-4, 1.8859884143813979E-4, 3.1571942959980316E-6, 3.316823516635093E-6, 5.223602859571141E-7, 1.9300815298630232E-7, 1.9506499962203678E-7]
[0.0, 0.91252756107136, 0.05784896040938755, 0.029106066024815885, 3.026778759576124E-4, 8.450260089060743E-5, 7.871308797915623E-5, 2.5927852451956223E-5, 2.5591077157089358E-5]
[0.0, 0.980708733543288, 0.0151323949221161, 0.004020430889724926, 7.12432955281871E-5, 2.452410612000225E-5, 1.6965329476256165E-5, 5.830377834298827E-6, 1.9877535912387407E-5]
[0.0, 0.9994106812539694, 3.79584454833361E-4, 2.0033684330016043E-4, 6.9177959507953495E-6, 8.612061143969494E-7, 1.0059589026995427E-6, 3.0727106961638856E-7, 3.052158595793695E-7]
[0.0, 0.9992574347020343, 2.3329381635035407E-4, 5.075302821692557E-4, 8.415517186008197E-7, 3.42581171646193E-7, 3.309536471248809E-7, 1.1265230523027566E-7, 1.13460603416975E-7]
[0.0, 0.9994599299347904, 2.6148806017823136E-4, 2.7444344709228396E-4, 2.2717385148479545E-6, 7.940876510470797E-7, 6.498350959153387E-7, 2.166792543905576E-7, 2.0621742291143368E-7]
[0.0, 0.9995563799332697, 3.1680906801636374E-4, 1.2189056665689616E-4, 2.7646591272797246E-6, 1.0832197796594174E-6, 6.497168962137316E-7, 2.1659893043225942E-7, 2.0623732332917985E-7]
[0.0, 0.9995140766652615, 4.087317531208589E-4, 7.482423662348319E-5, 1.2978948757595063E-6, 4.5367998405700676E-7, 3.7299267228488716E-7, 1.2367074872539376E-7, 1.1910671348494795E-7]
[0.0, 0.9996647666492375, 2.625030281940647E-4, 6.776055898878855E-5, 2.536687657565226E-6, 5.917621440735441E-7, 1.6174608302038747E-6, 1.1216557131596679E-7, 1.1168737639336422E-7]
[0.0, 0.9517835541584715, 0.04106270530739607, 0.006672605870736998, 2.0295563885049724E-4, 6.586800878141757E-5, 1.8270464046568323E-4, 1.4047609006948068E-5, 1.5558766291132476E-5]
[1.0, 0.04490849938312136, 0.9542825863089854, 7.832438734133541E-4, 1.4304629041204939E-5, 5.864259784228462E-6, 3.2929491515554054E-6, 1.114251981418234E-6, 1.0943445213158328E-6]
[0.0, 0.9995256535883623, 2.9522651873401554E-4, 1.7512692237383774E-4, 2.1907185621178924E-6, 7.657670747435758E-7, 6.286705276211146E-7, 2.0895154152502877E-7, 1.988628238908164E-7]
[0.0, 0.9994694632483856, 2.1949850698906552E-4, 3.0341076641087167E-4, 5.778510986896262E-6, 7.894524561536812E-7, 6.425563105554081E-7, 2.1363669484442737E-7, 2.03321765962538E-7]
[2.0, 0.04594474274646271, 0.002659930164357918, 0.9513534948274804, 2.5529644077258885E-5, 8.337153781510675E-6, 4.697531702629237E-6, 1.6643653683342481E-6, 1.603566769040274E-6]
[2.0, 0.06098427498604063, 0.0045204904574816995, 0.934394009073417, 4.0738889178111385E-5, 4.7238249070953075E-5, 7.925037924958475E-6, 2.6645116249026588E-6, 2.6587952617107067E-6]
[0.0, 0.9949598160535904, 0.004221133409183344, 7.985413668408801E-4, 1.313113457877976E-5, 2.520270634995145E-6, 3.0907324322263893E-6, 8.721071928552491E-7, 8.949255465816448E-7]
[0.0, 0.99960864446763, 2.1460834788656136E-4, 1.7228968826089232E-4, 2.5058687972454755E-6, 9.779698777341585E-7, 5.904812330665524E-7, 1.962830272494215E-7, 1.8689328739566154E-7]
