[0.0, 0.9793832562431598, 0.019800932561185456, 8.06654712681814E-4, 5.107141711032203E-6, 1.5176390688175866E-6, 1.5111277518037462E-6, 5.07445246018635E-7, 5.131291951917218E-7]
[2.0, 0.009297269121427186, 0.007222909597220837, 0.9833450671818316, 1.1221035820289482E-4, 8.369296048353054E-6, 8.521224198501126E-6, 2.8272604976330442E-6, 2.8259605730187145E-6]
[2.0, 0.02160538983501066, 0.013018425061631337, 0.9651708178705256, 1.6473826611975253E-4, 1.5086590065691128E-5, 1.5351814818071606E-5, 5.0964525439514405E-6, 5.094109284774156E-6]
[2.0, 0.05293679584731225, 0.008727393356548787, 0.9382138268913183, 6.973371341798585E-5, 1.9497576763475172E-5, 1.9603881567250137E-5, 6.563435414707313E-6, 6.5852976572190755E-6]
[2.0, 0.04137937010278543, 0.006826477491156311, 0.9517067660506968, 4.992665617977112E-5, 1.3959514898824329E-5, 1.4103246253272855E-5, 4.6830614074322455E-6, 4.713876622258863E-6]
[0.0, 0.999368431919777, 4.4775616788836543E-4, 1.6627913078886072E-4, 6.929076783007745E-6, 9.270892554423208E-6, 8.399677693730565E-7, 2.4688297601222755E-7, 2.4596146293516415E-7]
[0.0, 0.9987504720347202, 9.455139192086831E-4, 2.8728780557730354E-4, 1.2286878564642418E-5, 1.753522814596875E-6, 1.598165892072773E-6, 5.444581705243635E-7, 5.432150520886957E-7]
[0.0, 0.9970140653878647, 9.782540662762902E-4, 0.0019978640503916963, 4.274193434920486E-6, 2.0615272904127233E-6, 2.055405286175104E-6, 7.165923113123552E-7, 7.087771444704621E-7]
[0.0, 0.9988663661268744, 1.750443697875638E-4, 9.546729931625709E-4, 2.748395696368443E-6, 4.621784127425144E-7, 4.238495184730726E-7, 1.4433356524787695E-7, 1.377529824951457E-7]
[0.0, 0.9955111245595383, 0.004167895455205663, 3.026783414629934E-4, 9.998625426349292E-6, 3.3994685376423757E-6, 3.1382594413910914E-6, 8.685472391766358E-7, 8.967431483470362E-7]
[0.0, 0.999200728910446, 6.09733365408677E-4, 1.8284120589975866E-4, 3.7051275601027975E-6, 1.2638979494776293E-6, 1.031076143469711E-6, 3.473961704275949E-7, 3.4902042209563953E-7]
[0.0, 0.9985149582669149, 8.589203116452782E-4, 6.182716208716402E-4, 4.589708343836868E-6, 1.208535975965157E-6, 1.2349294008046097E-6, 4.0878488132638266E-7, 4.0784196616961323E-7]
[0.0, 0.999503143849147, 1.3396781134132857E-4, 3.526038337665147E-4, 8.4906909557985E-6, 6.680373980097121E-7, 6.726139311289652E-7, 2.2561057174711662E-7, 2.2755288849474304E-7]
[0.0, 0.9730913287735975, 0.018089007619968796, 0.0086779623698143, 8.245392045650665E-5, 2.265572722769411E-5, 2.218875221526212E-5, 7.761386741633685E-6, 6.641449978319731E-6]
[0.0, 0.999014424276212, 7.037454132463726E-4, 2.596879476200568E-4, 1.767653054781682E-5, 1.3551559733000816E-6, 2.367085623993562E-6, 3.7369720174282945E-7, 3.698935747914538E-7]
[0.0, 0.9968911929952625, 0.0025511596728405865, 4.8038206489462435E-4, 1.2957640801777219E-5, 5.500365082538339E-5, 3.872142814699281E-6, 1.2978970188823446E-6, 4.133935541361137E-6]
[1.0, 0.07381938884488487, 0.9239476639276228, 0.002118839316472294, 9.235521686911423E-5, 7.266397881050129E-6, 9.55163062283339E-6, 2.461529918678482E-6, 2.473135728423959E-6]
[1.0, 0.023830418159286538, 0.9748689640674125, 0.001243315149648779, 3.2104486887797965E-5, 4.818190367964615E-6, 1.7397138203248653E-5, 1.4878745434723679E-6, 1.4949336498274636E-6]
[0.0, 0.9254730357712126, 0.025759627130070083, 0.04817259489521794, 3.3147966743531825E-4, 9.852001121846489E-5, 9.800561301882362E-5, 3.338984882142956E-5, 3.3347063005189246E-5]
[0.0, 0.9996266120611553, 1.7757773890800572E-4, 1.9168925791898634E-4, 2.194124579331315E-6, 6.517164334094421E-7, 8.405562907610679E-7, 2.1605468446180067E-7, 2.1849002976260903E-7]
[1.0, 0.007049153857430365, 0.9920611762149523, 8.563057092256022E-4, 1.8673344755405534E-5, 5.8125056409254665E-6, 5.333062066333217E-6, 1.7780808491036525E-6, 1.767225080019446E-6]
[1.0, 0.010542239208453775, 0.9876735110938994, 0.001734587164806868, 2.792659533539705E-5, 8.594240987404029E-6, 7.831792056928613E-6, 2.666961788534685E-6, 2.6429426716379357E-6]
[0.0, 0.9992879852164489, 4.80612264195419E-4, 2.2662215953305056E-4, 2.9473431430478244E-6, 6.812377815678583E-7, 6.95254718855854E-7, 2.267620143371239E-7, 2.2976216479115337E-7]
[0.0, 0.8792640001416527, 0.11302376004468115, 0.0074289120961321415, 1.1141205652727452E-4, 3.5364881961744545E-5, 1.1690293258109377E-4, 1.0694141430645727E-5, 8.953705033226742E-6]
[0.0, 0.9996460475801834, 1.223945176514891E-4, 2.2910262909418784E-4, 1.367703410725035E-6, 4.065400494971982E-7, 4.067136883477328E-7, 1.3689883260961542E-7, 1.374170896590351E-7]
[0.0, 0.9952454475805024, 0.0035184753123212267, 0.0012015023066871988, 1.7250216801938773E-5, 1.0151958604794135E-5, 4.298277305654336E-6, 1.4461993582543303E-6, 1.4281484187253016E-6]
[0.0, 0.9992617532387985, 4.5442977231440563E-4, 2.7865338409302335E-4, 2.9384373974324177E-6, 8.293426467255858E-7, 8.365612995164798E-7, 2.7895861057401214E-7, 2.8030483993033103E-7]
[0.0, 0.9986354096641387, 7.546173739885277E-4, 6.023346732383418E-4, 4.471401213024815E-6, 1.1769591383814608E-6, 1.1943034634363034E-6, 3.982508334493646E-7, 3.9737398628935103E-7]
[0.0, 0.9229679206842447, 0.02934038958692329, 0.047144559628224426, 3.0494523921558136E-4, 9.064278971046667E-5, 9.016952050088311E-5, 3.072014515379865E-5, 3.065240602687425E-5]
[0.0, 0.9996677742186215, 2.2246829249447027E-4, 1.0588383769978758E-4, 1.946756817031875E-6, 1.1512448718880697E-6, 4.6517478797055923E-7, 1.5387950995546835E-7, 1.5659519757466797E-7]
[0.0, 0.9991823330948083, 6.37573163780871E-4, 1.687653067974544E-4, 2.7817631188115914E-6, 9.787534496372132E-7, 7.03206243491066E-6, 2.6252273008042054E-7, 2.7333287985287863E-7]
[0.0, 0.7118370556350676, 0.1942657339100522, 0.057866107121248705, 8.834246194012406E-4, 2.512869660288698E-4, 0.03475941198112017, 6.847469047525097E-5, 6.850507660599304E-5]
[0.0, 0.7117394086216412, 0.002023365328084499, 0.2861966568395113, 2.2604840209284823E-5, 6.717258025537692E-6, 6.696449304226397E-6, 2.272572520632655E-6, 2.2780907034506195E-6]
[0.0, 0.9989257062050656, 7.097591301846403E-4, 3.479930680502584E-4, 6.498730991654416E-6, 8.792509541158178E-6, 7.880021459564094E-7, 2.316092616779165E-7, 2.307447591234972E-7]
[0.0, 0.9988152967636823, 0.001091371002972827, 8.529414480109673E-5, 1.3635193422272429E-6, 5.93068118833464E-6, 4.7116894247397987E-7, 1.3452893436880113E-7, 1.3819013643299857E-7]
[0.0, 0.8834330426165212, 0.10828184947769058, 0.008001678742713266, 1.1194031834147342E-4, 3.5498498187053796E-5, 1.1745722946040274E-4, 9.536957936079584E-6, 8.996159150061902E-6]
[1.0, 0.019214148835765107, 0.9783506201990825, 0.0024049209522294694, 1.800921867628214E-5, 4.585640575088542E-6, 4.618937157861753E-6, 1.5359712566777298E-6, 1.5602452569532949E-6]
[0.0, 0.9975915705539163, 0.0019098030071013495, 4.4253635786580887E-4, 9.887588400566286E-6, 3.883901473091188E-5, 3.0645436194554483E-6, 1.0271992068130974E-6, 3.2717351587411032E-6]
[0.0, 0.7760648467634573, 0.10014451299432801, 0.05758688276939062, 8.084310396674448E-4, 3.2494593603545936E-4, 0.06491166081461701, 7.928182913230843E-5, 7.943785337199891E-5]
[0.0, 0.9989227577598652, 8.441156456230409E-4, 2.2111054089524212E-4, 6.389779808758723E-6, 8.314502637960743E-7, 4.237237056397545E-6, 2.8002425604728077E-7, 2.775622314967982E-7]
[0.0, 0.9947238797182704, 0.004719999883922573, 5.198977116458433E-4, 1.595448977204689E-5, 5.481022929436432E-6, 8.33024370449631E-6, 1.513334745214027E-6, 4.9435950099793145E-6]
[0.0, 0.9990729100586185, 5.111562038626621E-4, 4.049996874443684E-4, 2.436500352969754E-6, 7.440003051083939E-6, 6.667516806362041E-7, 1.9513068549340159E-7, 1.9566430443014312E-7]
[0.0, 0.9979296620205088, 3.1968082064109493E-4, 0.0017435044969940168, 5.019352480332899E-6, 8.44069274821216E-7, 7.740698090332483E-7, 2.6359415410214717E-7, 2.515761377715287E-7]
[0.0, 0.7748308343570602, 0.16006227843711582, 0.06223766165764205, 0.0016069094453037077, 2.4116241566521834E-4, 8.712265253767915E-4, 7.506859925959628E-5, 7.485856257669849E-5]
[0.0, 0.9998036101244433, 7.622717923661185E-5, 9.914439389708608E-5, 8.511430343882632E-7, 2.763218512037049E-7, 1.9722715089084113E-5, 8.218683896708783E-8, 8.593560937934411E-8]
[0.0, 0.9988310831363338, 0.0010592132430766804, 1.0028846442191462E-4, 1.6032197914690967E-6, 6.932433865236905E-6, 5.548867602657453E-7, 1.621324216478142E-7, 1.624833288784215E-7]
[0.0, 0.9961981740961897, 0.0032832908723256274, 4.8718075182922207E-4, 1.5067507053230436E-5, 5.802321818471038E-6, 4.351582584051211E-6, 1.4753315847869492E-6, 4.6575366147533764E-6]
[0.0, 0.9982548031955666, 0.0016534599109333083, 8.32297205825492E-5, 1.9008727921286324E-6, 5.78495544748861E-6, 5.20228981309229E-7, 1.4853663765659274E-7, 1.5257905906540593E-7]
[0.0, 0.9404093605374924, 0.04813895071178144, 0.010822353949076895, 1.900595235806663E-4, 3.8305084211939143E-4, 3.6143592849631714E-5, 1.009357294424416E-5, 9.987270155344526E-6]
[1.0, 0.03178651273117479, 0.9667262758723687, 0.0014525227160396195, 1.932804913639391E-5, 5.783980487314538E-6, 5.7233834452196E-6, 1.9097213613719262E-6, 1.943545986671134E-6]
[1.0, 0.014312927188067967, 0.9846621364678472, 9.79784302984816E-4, 2.5296976282419344E-5, 3.796529995590976E-6, 1.3708208265331924E-5, 1.1723821398852952E-6, 1.1779444167926953E-6]
[0.0, 0.7460204172392881, 0.2530261705977991, 9.447427617529621E-4, 3.6908566986976146E-6, 1.857726633120557E-6, 1.849306055711768E-6, 6.355670867888384E-7, 6.359446856512214E-7]
[0.0, 0.9659447709575161, 0.028674273154174465, 0.005159419690282048, 1.2342397318367113E-4, 3.284194957478634E-5, 4.2755877282094096E-5, 1.1328320020908908E-5, 1.1186077965889695E-5]
[0.0, 0.9145489232904758, 0.0800805620817669, 0.005166858724664391, 1.3118721432354912E-4, 2.8352882657525634E-5, 2.553773861915852E-5, 9.334047114362663E-6, 9.244020378131415E-6]
[2.0, 0.033528087504117926, 0.012564660056714673, 0.9536264306239769, 2.3384142776966408E-4, 1.7441502491343468E-5, 1.775336951821399E-5, 5.896250879351127E-6, 5.8892645319248345E-6]
[2.0, 0.03808834530270682, 0.010973725557940095, 0.9506947929115425, 1.9501346828353877E-4, 1.7859465879233066E-5, 1.8195353373606267E-5, 6.037547020242874E-6, 6.030393253900653E-6]
[2.0, 0.03206589635246974, 0.008376736317770266, 0.9594216905736894, 7.705774454578797E-5, 2.192515762699582E-5, 2.199851119652537E-5, 7.3470682353272135E-6, 7.348274466150613E-6]
[2.0, 0.02993432207846638, 0.007691954107403376, 0.962247066144245, 7.193534584278482E-5, 2.0467687003456763E-5, 2.0536164408602913E-5, 6.85867329175145E-6, 6.859799338613564E-6]
[0.0, 0.9808892855013206, 0.017431334327215182, 0.001554508827245292, 2.7774757998921E-5, 8.584897713077416E-5, 7.227236594466049E-6, 2.0183007277401073E-6, 2.0020717672331518E-6]
[0.0, 0.9977695831119575, 0.0011089130437907466, 0.0010795148208407512, 7.409758641040606E-6, 2.9103018750509547E-5, 2.2639026550475707E-6, 7.607526036915748E-7, 2.4515907607656266E-6]
[0.0, 0.9994859213740109, 2.9137655572744283E-4, 2.1770224723760375E-4, 2.8489340426859154E-6, 8.046952117271887E-7, 8.075315603355501E-7, 2.6962335053887355E-7, 2.690388587858042E-7]
[0.0, 0.998960221925285, 7.868162322950108E-4, 2.3904309595033539E-4, 1.0224614680436634E-5, 1.4597570860344E-6, 1.329791947252728E-6, 4.5307479633165E-7, 4.5150795970489415E-7]
[0.0, 0.9989894541480112, 8.104165590385544E-4, 1.9298601395122892E-4, 3.9567767956083905E-6, 1.3480502953418884E-6, 1.0945863210901505E-6, 3.732309146568484E-7, 3.70634672470413E-7]
[0.0, 0.9991861940211362, 5.659434099220619E-4, 2.4097166634475938E-4, 3.8705513156509825E-6, 1.193925917198727E-6, 1.0880052733665118E-6, 3.704986634860508E-7, 3.6792142718973603E-7]
[0.0, 0.9989475373542555, 6.714829950273124E-4, 3.7299702962484627E-4, 4.543110805670908E-6, 1.2800691641484882E-6, 1.298526861973306E-6, 4.2952410298543596E-7, 4.313901574085656E-7]
[0.0, 0.9988852950789459, 4.402159527768966E-4, 6.675978213461954E-4, 3.924876553249594E-6, 1.1058751731595208E-6, 1.113265818936873E-6, 3.7444353509282266E-7, 3.726858504093855E-7]
[0.0, 0.9995204002308816, 1.7547105430679058E-4, 3.006120133214584E-4, 1.9592875809611E-6, 5.863230715808826E-7, 5.804844806166339E-7, 1.935887745332087E-7, 1.970175824698883E-7]
[0.0, 0.9997160608720066, 1.094911334988204E-4, 1.7201855380176139E-4, 1.3528267887266435E-6, 4.021180800876381E-7, 4.0228983025417627E-7, 1.362836010312317E-7, 1.3592239272185864E-7]
[0.0, 0.9986109735421881, 0.001197906931049143, 1.8538686055266266E-4, 2.9585885113573855E-6, 8.392198710094786E-7, 1.4722778069843796E-6, 2.3243185251993592E-7, 2.3014816814857713E-7]
[1.0, 0.08077861963144017, 0.9184497136829973, 7.564791792707697E-4, 7.46827151843402E-6, 2.4266956004831193E-6, 2.2050960431048326E-6, 7.444088056178362E-7, 2.3430343240746865E-6]
[0.0, 0.998914891871897, 3.5165924820075714E-4, 7.272416693404537E-4, 2.206408184060797E-6, 1.292982289920586E-6, 1.1364094905689634E-6, 3.813485556702097E-7, 1.190062041482312E-6]
[0.0, 0.9994770974890997, 2.624237107879762E-4, 2.5584206952906707E-4, 2.647169851355358E-6, 7.403557787067894E-7, 7.505034780262278E-7, 2.486853468544339E-7, 2.500161282951242E-7]
[0.0, 0.9993341151954802, 3.0915297513330373E-4, 3.5215512563337853E-4, 2.6013975770707634E-6, 7.346861498595834E-7, 7.457375963807025E-7, 2.4678091974390853E-7, 2.4810151008855764E-7]
[0.0, 0.9547276593319074, 0.03644086495707034, 0.008676679524369292, 9.569330953598942E-5, 2.3177748247766737E-5, 2.1785408875124234E-5, 7.6203015818147765E-6, 6.519418412484736E-6]
[0.0, 0.9996567932889151, 2.3017185999777635E-4, 1.0758337152404393E-4, 2.5398069380736294E-6, 9.114983835766195E-7, 9.655043437632801E-7, 2.494677149892656E-7, 7.852021826679012E-7]
[0.0, 0.9989508281303181, 9.729096528946525E-4, 6.84213426518014E-5, 1.3234244457371024E-6, 5.790646558341371E-6, 4.580474287175774E-7, 1.3462910897277526E-7, 1.3412659362531903E-7]
[1.0, 0.013130846143668991, 0.9852540875699084, 0.0015704074104407608, 2.4968800163675728E-5, 7.776855174354873E-6, 7.139745408483644E-6, 2.383574179671744E-6, 2.3899010557460237E-6]
[1.0, 0.013414035637381222, 0.9853041779256493, 0.0012407677137374672, 2.306332056114669E-5, 7.1017516419447845E-6, 6.50213613467217E-6, 2.172844954290546E-6, 2.1786699398494837E-6]
[2.0, 0.03608049365100579, 0.00745245410833018, 0.9563335775000976, 7.481724622627441E-5, 1.1225330198914437E-5, 4.04617671485588E-5, 3.4906524854603165E-6, 3.479744507256232E-6]
[0.0, 0.9996807050992075, 2.2546408155246328E-4, 6.983917146205342E-5, 2.104302528380084E-5, 2.6168607159116613E-6, 1.9935858888304105E-7, 6.758047908968295E-8, 6.48227101365306E-8]
[0.0, 0.9977967416217286, 0.0017496855085986267, 3.848128044303879E-4, 1.1531290338970078E-5, 4.894896201196084E-5, 3.4459052935106914E-6, 1.1550271830936469E-6, 3.678880414981448E-6]
[1.0, 0.04991183698568413, 0.9265262936552906, 0.02329979218263342, 1.943156956683851E-4, 2.539225080427519E-5, 2.517790946136002E-5, 8.610548855933691E-6, 8.58077160186178E-6]
[2.0, 0.03245208488634019, 0.03373716287021079, 0.9337599263769009, 2.8360381868381164E-5, 8.488994475449927E-6, 8.31894493185008E-6, 2.81393947541219E-6, 2.843605797139949E-6]
[1.0, 0.01803430543366319, 0.9809589058587055, 4.985774246566619E-4, 4.577075287665684E-4, 4.4682383005876374E-5, 3.472106880813566E-6, 1.177007962238472E-6, 1.172256359069311E-6]
[0.0, 0.9993069085636364, 4.909798753375869E-4, 1.950344268792248E-4, 3.9926558479156455E-6, 1.207135392611902E-6, 1.125284509903764E-6, 3.760992295027979E-7, 3.7595916693087357E-7]
[0.0, 0.9992639335915221, 4.856220751281912E-4, 2.4347099191589388E-4, 3.910696151034883E-6, 1.1980110443233345E-6, 1.1182505649168359E-6, 3.7326626114697085E-7, 3.731174124745366E-7]
[0.0, 0.9992386729323272, 6.26712567010647E-4, 1.1842429558339728E-4, 6.134939858067781E-6, 8.797863556774358E-6, 7.924423743354224E-7, 2.3291433174888232E-7, 2.320449579021759E-7]
[0.0, 0.9493399583632133, 0.04097943399953295, 0.009385207917898842, 1.8627831673984885E-4, 3.966120228549086E-5, 4.1584802110870407E-5, 1.4020201081434874E-5, 1.3855197137390275E-5]
[0.0, 0.9631794967361126, 0.01578742406384389, 0.020823493492996604, 1.226787719789508E-4, 3.370824309136007E-5, 3.200383905056605E-5, 1.1313395222253589E-5, 9.881457703756753E-6]
[0.0, 0.954455338858574, 0.004003832242309111, 0.04149230014203147, 2.8046445925865527E-5, 7.786098043949664E-6, 7.58796800218176E-6, 2.590737894264791E-6, 2.517507219108633E-6]
[2.0, 0.177962502247007, 0.015466634400901869, 0.8063734559243599, 1.1348754174256492E-4, 3.186337671605905E-5, 3.109348264051863E-5, 1.0599910587120568E-5, 1.0363116044998254E-5]
[0.0, 0.9994168517504778, 4.423979171639863E-4, 1.3651045863064407E-4, 2.409300270688007E-6, 6.804340694898997E-7, 6.90579134962799E-7, 2.302503303684378E-7, 2.293099221233556E-7]
[0.0, 0.9979292480720305, 0.0015334524304278607, 5.281171473069842E-4, 5.367762408925118E-6, 1.4124099277457087E-6, 1.4434625876531405E-6, 4.781880849361705E-7, 4.805272254612947E-7]
[1.0, 0.009808751132954464, 0.9862719221682386, 0.003850001945742554, 5.0940652484979644E-5, 7.268927852859115E-6, 6.625898749882853E-6, 2.2393456238383995E-6, 2.2499283530652847E-6]
[2.0, 0.04077756928223578, 0.01071447032408985, 0.9483419568395305, 1.3548764502480118E-4, 1.139852463249152E-5, 1.1387929397904702E-5, 3.838187328530599E-6, 3.891267759990381E-6]
[1.0, 0.01127797063094534, 0.9833049278483273, 0.00533739284849527, 5.857087970318883E-5, 8.357715853099954E-6, 7.61836960606911E-6, 2.5747695946057064E-6, 2.5869374748789737E-6]
[0.0, 0.999062168649148, 7.937248778355206E-4, 1.3454757561313522E-4, 6.933885658207538E-6, 1.109279787393548E-6, 9.046883807714117E-7, 3.0481287041781194E-7, 3.062307065920359E-7]
[1.0, 0.021679775719435183, 0.9754156558860099, 0.0028667423503525497, 2.1501310578054776E-5, 6.072395555666536E-6, 6.160509534210137E-6, 2.0411971084286924E-6, 2.050631426091068E-6]
[0.0, 0.999276125855165, 4.989343621270303E-4, 2.1442959327757342E-4, 7.850875153673653E-6, 1.0516581927597307E-6, 9.583590095659432E-7, 3.238952382385168E-7, 3.2540183599078357E-7]
[0.0, 0.9993094845419306, 4.4485649379856913E-4, 2.3388637824070394E-4, 7.819773989266004E-6, 1.0483796029091187E-6, 2.256866364686334E-6, 3.2539647556500863E-7, 3.221695978756793E-7]
[0.0, 0.999119920314347, 6.954577571036613E-4, 1.759728753635086E-4, 6.354937470494911E-6, 9.070640460687247E-7, 8.265927149981372E-7, 2.814797902647208E-7, 2.789791639940194E-7]
[0.0, 0.819820655287927, 0.09060917727736055, 0.0692982607234813, 6.03030366626536E-4, 1.945714739828648E-4, 0.019355279222434518, 5.97556666562566E-5, 5.926998153111824E-5]
[1.0, 0.18209226132342526, 0.8152425950733981, 0.0026038279729627724, 4.8304581269820414E-5, 4.920447386452408E-6, 4.752593773231369E-6, 1.6351199161878216E-6, 1.7028878680637022E-6]
[0.0, 0.9388224818268238, 0.026241793042075034, 0.03440538777191095, 2.930125393764121E-4, 9.617875365922961E-5, 8.277894745215194E-5, 2.8829109158868073E-5, 2.953800954338755E-5]
[0.0, 0.999136571247451, 6.606360305349852E-4, 1.9163841972816314E-4, 8.19609445931156E-6, 1.1698592844920037E-6, 1.066073742339422E-6, 3.602994340411583E-7, 3.619753658036057E-7]
[0.0, 0.9991431988012338, 3.9807094194164127E-4, 4.5418078639086626E-4, 2.5415807488033713E-6, 7.501807940488666E-7, 7.548757668501348E-7, 2.517562769207774E-7, 2.5107684705925524E-7]
[0.0, 0.9998272471661298, 1.1292193210597319E-4, 5.686817618198449E-5, 1.3227217644473122E-6, 4.769342828687117E-7, 5.090790636046785E-7, 1.2865769043501145E-7, 5.253327808357594E-7]
[0.0, 0.9941266589811368, 0.0035559504562843454, 0.0022837607858047877, 1.6181172930406295E-5, 5.764713928896209E-6, 4.854571973564881E-6, 1.6428705351786836E-6, 5.1864474059905465E-6]
[0.0, 0.9976582874995252, 0.001679192282369414, 6.431587787722891E-4, 9.630841522228792E-6, 3.058479293479834E-6, 2.577825603714639E-6, 9.518715572158571E-7, 3.142421356480075E-6]
[0.0, 0.9992120317225943, 5.93349617719863E-4, 1.8862215760634437E-4, 3.0682054020959905E-6, 1.8079101433553002E-6, 6.346439315481792E-7, 2.398261575829359E-7, 2.459164448929637E-7]
[0.0, 0.9553596072063443, 0.028404520249202644, 0.015663827106900244, 2.5826304820051417E-4, 1.9347483155053864E-4, 6.791688635751221E-5, 2.6058765077623064E-5, 2.633190636671746E-5]
[2.0, 0.04333344422779123, 0.006060066252021231, 0.9504273745595582, 1.3605430026722778E-4, 2.165054527764947E-5, 1.2919046274758395E-5, 4.262129322650665E-6, 4.228939487106724E-6]
[2.0, 0.04730952756751569, 0.007358980853937214, 0.9452449029082752, 4.277043174744553E-5, 2.2031016428394435E-5, 1.3146076325948795E-5, 4.337028925742269E-6, 4.304116844193803E-6]
[2.0, 0.039407103992338516, 0.004330875812623954, 0.9561597400891874, 6.312204658986393E-5, 1.968749093242937E-5, 1.174885505185941E-5, 3.8759479298156675E-6, 3.845765346269034E-6]
[2.0, 0.07157319344658666, 0.0068525569747612865, 0.9214753096627214, 4.48896150221079E-5, 2.7205862569259283E-5, 1.621484612009988E-5, 5.356327961554232E-6, 5.2732642577266766E-6]
[4.0, 0.0518453390118007, 0.02295766131805414, 0.00368230743014016, 1.8976706612963513E-4, 0.9212834559382279, 2.4650696108901732E-5, 8.408989240606527E-6, 8.409550297878909E-6]
[4.0, 0.046672240915483706, 0.01641514197475232, 0.004509805413105518, 1.9287777060235996E-4, 0.932167751899558, 2.5087793673062905E-5, 8.54683128546367E-6, 8.54740153971318E-6]
[0.0, 0.9994089928084038, 2.9644364693790935E-4, 2.9042042933127165E-4, 2.307594124065464E-6, 6.858465882676043E-7, 6.857870752006405E-7, 2.3257095519666813E-7, 2.3131658445648745E-7]
[0.0, 0.9996414612456996, 2.3982587897555617E-4, 1.0549071256695232E-4, 2.135435386478964E-6, 9.537809196318227E-6, 6.519929106560779E-7, 2.1564752452706902E-7, 6.812777399443625E-7]
[0.0, 0.6967835438187562, 0.1946273618126967, 0.10807086521855262, 2.861273767066689E-4, 9.719951360889062E-5, 8.360061550157902E-5, 2.6530062280228624E-5, 2.477158189711437E-5]
[0.0, 0.999265111728803, 6.143713266494141E-4, 1.0704416038970014E-4, 3.1583372288429204E-6, 9.12787931644144E-6, 7.117158209737603E-7, 2.3409539570064875E-7, 2.407563959981325E-7]
[0.0, 0.9693180617456717, 0.025284597454524244, 0.0051588567364404215, 1.207166623072345E-4, 3.6319676086630876E-5, 3.261588833416561E-5, 1.1422873271445865E-5, 3.740896336412137E-5]
[2.0, 0.0358540826496017, 0.01313084446265283, 0.9509618167608693, 3.348553370526191E-5, 7.359274062032822E-6, 7.416671786581166E-6, 2.4878654039669134E-6, 2.506781918241744E-6]
[1.0, 0.0084080837621978, 0.9910053458962843, 5.413420761393012E-4, 3.3224777110373385E-5, 4.742296977018063E-6, 4.3215781184913374E-6, 1.4722617519513261E-6, 1.4673514206034238E-6]
[1.0, 0.013190253216607634, 0.9852268470273957, 0.0015089396228257746, 5.524655628060437E-5, 7.400511713279792E-6, 6.7439659811981814E-6, 2.279248638922861E-6, 2.2898505572929285E-6]
[0.0, 0.9990621156372456, 3.4006067494478506E-4, 5.917909468075973E-4, 2.1336355011686465E-6, 1.277127959989416E-6, 1.1022742313276972E-6, 3.688923950722358E-7, 1.150810914609049E-6]
[0.0, 0.9991931691955646, 5.769165320088176E-4, 2.224703731429801E-4, 4.193775495929964E-6, 1.28637825688618E-6, 1.1791261701365709E-6, 3.935109373775118E-7, 3.911084235264498E-7]
[0.0, 0.9990557984944185, 6.080187550975928E-4, 3.29939510296265E-4, 3.55634199385839E-6, 1.0013964767553346E-6, 1.0087333775974124E-6, 3.390766126210579E-7, 3.3769172669401863E-7]
[0.0, 0.9992771696299372, 4.927331144332433E-4, 2.1891569740816702E-4, 2.782027147474829E-6, 8.209328852954505E-7, 7.032729877092181E-6, 2.725094886144282E-7, 2.733588230090009E-7]
[0.0, 0.9994831127279014, 1.8540191533135053E-4, 3.276834926049735E-4, 2.119769727386843E-6, 6.300227671233108E-7, 6.255478060968384E-7, 2.133688807213187E-7, 2.1315498099454425E-7]
[0.0, 0.5340414011857256, 0.4528627265640723, 0.012880532146883998, 1.395565138226152E-4, 2.917510245206693E-5, 2.7422488547961488E-5, 9.632201701818623E-6, 9.553796793665044E-6]
[0.0, 0.624260221384437, 0.3563631861300445, 0.018789828402136544, 2.3011401034467164E-4, 7.297372296295798E-5, 2.4145504064636576E-4, 2.0921297705807572E-5, 2.1300011722157566E-5]
[0.0, 0.9997783770715553, 7.95714511791112E-5, 1.347917738825513E-4, 5.875256048118743E-6, 4.622581110840767E-7, 6.07892726712323E-7, 1.5659232940610924E-7, 1.57704167869246E-7]
[0.0, 0.999010514849004, 8.146476532809091E-4, 1.666475379985386E-4, 6.018170024243684E-6, 8.589959661231511E-7, 7.827890554008206E-7, 2.642159703255878E-7, 2.657887005583488E-7]
[0.0, 0.9994588488815485, 3.2957994484461036E-4, 2.0482703773877555E-4, 3.255235974341147E-6, 1.0051641690992401E-6, 9.269833678579262E-7, 3.1273756069551693E-7, 1.2440147963477839E-6]
[0.0, 0.8672341842993975, 0.10817627578437548, 0.018604067097507847, 0.005131566633352539, 9.862197052657343E-5, 7.010266650356442E-4, 2.7256649540664454E-5, 2.7000900263807423E-5]
[0.0, 0.998770019947291, 0.0010615428481425683, 1.5485017402160138E-4, 1.1014019930535141E-5, 1.3247242551411377E-6, 7.856326645512469E-7, 2.3246887139070154E-7, 2.3018482330234056E-7]
[0.0, 0.9987054508762483, 7.936981171240758E-4, 4.954065219413883E-4, 3.376950117039913E-6, 7.650042699722407E-7, 7.859747276970212E-7, 2.557819789565363E-7, 2.6077359265615823E-7]
[1.0, 0.028891063688257494, 0.9690390813667424, 0.0020272082530732463, 2.2658608983892044E-5, 7.3242361648780975E-6, 8.25509393092359E-6, 2.1610536702519654E-6, 2.2476991768344296E-6]
[1.0, 0.3175674913629997, 0.6812029828449837, 0.001176896112343892, 3.038312335240897E-5, 4.559714700462323E-6, 1.486788661274627E-5, 1.4082405468316627E-6, 1.4107144600991895E-6]
[1.0, 0.012997685351043587, 0.9860479485928778, 9.06176124186529E-4, 3.926899164244689E-5, 3.325811679003415E-6, 3.335426112436127E-6, 1.1268346632404026E-6, 1.132867795128703E-6]
[1.0, 0.011440146501858994, 0.98659628492065, 0.0019220090386051212, 1.5425354069308925E-5, 5.003008518018066E-6, 1.8028356924053326E-5, 1.5566569417747038E-6, 1.546162432598869E-6]
[0.0, 0.9991991314465942, 6.081137525397342E-4, 1.8486557768111707E-4, 2.5741935924299928E-6, 9.235542618744218E-7, 3.879479346085308E-6, 2.563360776551337E-7, 2.5565990701267975E-7]
[0.0, 0.9988406017087668, 8.226171516168815E-4, 3.3057799316389035E-4, 3.5299014916697636E-6, 9.945868030178803E-7, 1.0089280458075756E-6, 3.345076674643394E-7, 3.3522244443773E-7]
[0.0, 0.9988253913005598, 6.321316152581209E-4, 5.362740321915673E-4, 3.5298477381053546E-6, 9.945716573867904E-7, 1.0089126817871284E-6, 3.345025735603052E-7, 3.3521733964902665E-7]
[0.0, 0.9989859582826455, 8.77093800337154E-4, 1.2770512269416934E-4, 6.904159509749999E-6, 9.248415966914268E-7, 8.427931077917052E-7, 2.848375939592929E-7, 2.8616251519355987E-7]
[0.0, 0.9992947161874435, 4.3890483780014545E-4, 2.575581266072763E-4, 6.481490530534538E-6, 9.251274387008134E-7, 8.430535909666512E-7, 2.849256290893059E-7, 2.862509598187223E-7]
[0.0, 0.9963520720601642, 0.0031630945100108387, 4.511923098950025E-4, 1.5978991169326117E-5, 5.489994423678613E-6, 5.692197993906781E-6, 1.5282495160366717E-6, 4.95168682691544E-6]
[0.0, 0.9986057238760994, 0.0011912194825666508, 1.9588424374597716E-4, 3.969434059032708E-6, 1.3544352650241943E-6, 1.0997707719218274E-6, 3.7493256781682805E-7, 3.738249244976298E-7]
[0.0, 0.9992337985592712, 4.4331984780279245E-4, 3.169510236042071E-4, 3.373842659691624E-6, 9.528399256341088E-7, 9.597970194170714E-7, 3.2235798194016625E-7, 3.2173173527406053E-7]
[0.0, 0.9988957670648794, 3.282433273501695E-4, 7.72276958292244E-4, 1.551045004162525E-6, 9.275889326892876E-7, 7.148773821217946E-7, 2.608503676857937E-7, 2.58287791561012E-7]
[0.0, 0.9257754631615235, 0.04992427890080666, 0.023674942950910886, 3.4820380418478376E-4, 1.0349063929023944E-4, 1.037414471962473E-4, 3.484957440817701E-5, 3.5029521679673865E-5]
[0.0, 0.9860142385720962, 0.009374727634000941, 0.004443856077293259, 8.014829742156614E-5, 2.9374119505289765E-5, 2.4379821443527E-5, 8.056146135558778E-6, 2.521933210351461E-5]
[0.0, 0.9723948290124212, 0.02522186563773231, 0.0023154006268571877, 5.640888302801531E-5, 4.347433933709888E-6, 4.199127806908869E-6, 1.4447011117102941E-6, 1.504577108843075E-6]
[1.0, 0.011548982126233969, 0.9874590364253141, 9.316360933153474E-4, 4.4726502258369835E-5, 5.867725760515504E-6, 5.809961853085755E-6, 1.9661722458582827E-6, 1.9749930186753784E-6]
[1.0, 0.009577131513036817, 0.989497102534138, 8.580767536827024E-4, 4.973776188178273E-5, 7.099257190862513E-6, 6.4694376337572135E-6, 2.1864666818378108E-6, 2.196275754218558E-6]
[0.0, 0.9990184284395449, 7.809657457551823E-4, 1.9109008507548592E-4, 3.114207910372604E-6, 1.1151080063283406E-6, 4.6756668384788025E-6, 3.0474834238272294E-7, 3.0599852692216674E-7]
[0.0, 0.9996673387943011, 2.2310732085417722E-4, 1.0428137388046005E-4, 2.4560617362960496E-6, 8.785670007790772E-7, 9.34968887155011E-7, 2.4181093871077995E-7, 7.611024010736159E-7]
[0.0, 0.75673375435611, 0.19163486219557427, 0.047784690303274674, 0.0019528473361245342, 3.2880312710739884E-4, 0.0013834889727399235, 9.11994110081957E-5, 9.035429806081278E-5]
[1.0, 0.015441530120392772, 0.9823527904045393, 0.002144358227065501, 5.024604399999041E-5, 4.13364376553884E-6, 4.1280007067346045E-6, 1.4041329511550551E-6, 1.4094265790727197E-6]
[1.0, 0.011754829625876423, 0.9865285970431953, 0.001677819829469097, 1.4435325572400382E-5, 4.686399023121532E-6, 1.6871262764201024E-5, 1.3165743475904604E-6, 1.4439397521747834E-6]
[0.0, 0.9990287747310498, 7.720783177129642E-4, 1.8819250216769328E-4, 8.049577055392884E-6, 1.1489463062235313E-6, 1.0470160853188904E-6, 3.5340091819165594E-7, 3.5550870429497594E-7]
[0.0, 0.9934452237058141, 0.005118458145578997, 0.0013635953628628236, 4.148321713897913E-5, 1.3547063943608506E-5, 1.0454823895826234E-5, 3.6605049166975744E-6, 3.57717584878822E-6]
[0.0, 0.8730514077977102, 0.10233338288186829, 0.024143701748215736, 2.787874793345068E-4, 7.261204418259922E-5, 7.101345069766507E-5, 2.44571802027933E-5, 2.4637417788146924E-5]
[0.0, 0.9945947928232459, 0.004720304716306887, 6.620704471949062E-4, 1.2051330828531662E-5, 6.560253706436872E-6, 2.3932820283103178E-6, 9.097979141583728E-7, 9.17348774978534E-7]
[0.0, 0.9992785428744211, 5.304941472905588E-4, 1.8327422288659965E-4, 4.302846692909881E-6, 1.340177155043794E-6, 1.230384708825744E-6, 4.0486522489177E-7, 4.104816200596832E-7]
[0.0, 0.9959969404072528, 0.0034422549728748792, 5.347696727111672E-4, 1.2541308572524953E-5, 4.829024572049311E-6, 3.5704827487339956E-6, 1.2178625153147482E-6, 3.876268752668064E-6]
[0.0, 0.999152710906534, 4.902367079901321E-4, 3.504941797123175E-4, 3.7308988689801567E-6, 1.0536796642414742E-6, 1.0613730322921992E-6, 3.564733603603257E-7, 3.557808375565237E-7]
[0.0, 0.9995893922349383, 1.7147359512278274E-4, 2.3548277488161484E-4, 2.005280111419674E-6, 6.567752563143827E-7, 5.914435635899836E-7, 1.9634156541937335E-7, 2.0155456074205245E-7]
[0.0, 0.9986986832120863, 8.950964163258048E-4, 3.91275776659872E-4, 1.1503257100392274E-5, 1.8695615072177805E-6, 9.892271989704215E-7, 2.927125371308161E-7, 2.898365842908795E-7]
[0.0, 0.999212791304966, 4.31333860326677E-4, 3.532464132926545E-4, 1.1781482459860255E-6, 6.039915337374438E-7, 4.5716466289564594E-7, 1.955220448063151E-7, 1.9359492752691914E-7]
[0.0, 0.9938269528176612, 0.005690067156458754, 4.3620585013286564E-4, 8.437213639276199E-6, 3.4687515608243826E-5, 2.0278752346073042E-6, 8.125132575977166E-7, 8.09058007476168E-7]
[0.0, 0.9985301233071924, 0.0014053419630452757, 5.643493145882881E-5, 1.7877575550783592E-6, 5.6044135226325276E-6, 4.459623484249006E-7, 1.310770672197569E-7, 1.305878101899804E-7]
[0.0, 0.9997916110675921, 9.9612108996486E-5, 1.0559452953872227E-4, 1.6975499975716492E-6, 4.996359435437465E-7, 6.473623670627284E-7, 1.6870422886425517E-7, 1.6904133565924588E-7]
[0.0, 0.9983285873164678, 0.0012728633902871873, 3.7973962360857464E-4, 1.4391680539384511E-5, 1.1606422465932488E-6, 2.4785901108978297E-6, 3.913006691947564E-7, 3.874560703884647E-7]
[0.0, 0.9992029852180009, 5.818698667619193E-4, 2.0581988434630361E-4, 4.229782739193326E-6, 1.4390774546147855E-6, 2.8807633153958893E-6, 3.8094094897769267E-7, 3.9446643259535043E-7]
[0.0, 0.9994059227353643, 3.757396531129022E-4, 2.1156519165586282E-4, 3.4074590562799936E-6, 1.0488549733263104E-6, 9.740852618527025E-7, 3.26815865879006E-7, 1.015204709561335E-6]
[0.0, 0.9992297742798005, 5.819886163739595E-4, 1.8061753489890685E-4, 4.293890080355315E-6, 1.3226868556707196E-6, 1.2041873998878286E-6, 3.924354939868157E-7, 4.0636909671225265E-7]
[0.0, 0.9992556599776563, 4.6999327658323514E-4, 2.667106204530537E-4, 4.2940013163734035E-6, 1.3214529615920503E-6, 1.2042185951464141E-6, 4.100728102780985E-7, 4.063796239682715E-7]
[0.0, 0.9996205082696764, 2.5377315831456426E-4, 1.1162561528106788E-4, 2.259623459813036E-6, 1.019433643043044E-5, 6.899101166340871E-7, 2.2818869096078478E-7, 7.208980302443123E-7]
[0.0, 0.9640713473253307, 0.028519852980726134, 0.00719521864347637, 1.2214571237086856E-4, 3.911535754753554E-5, 3.090519002030407E-5, 1.1576269396704835E-5, 9.838521131390755E-6]
[0.0, 0.9985859046723422, 0.0011411011540601573, 2.640305686201956E-4, 3.515709114718365E-6, 4.772500469295539E-6, 4.2564913381366047E-7, 1.251066156638107E-7, 1.2463964388542597E-7]
[0.0, 0.977779271325927, 0.014957045678119197, 0.007127525227183356, 7.93277892789552E-5, 2.179456478735278E-5, 2.1345339871275796E-5, 7.31484356713723E-6, 6.375231265638205E-6]
[0.0, 0.9995678887053226, 3.042923541888201E-4, 1.2401612778598146E-4, 2.1199495258729392E-6, 6.30076205540829E-7, 6.260720220858896E-7, 2.1354188848331391E-7, 2.1317306076160174E-7]
[0.0, 0.9985585870786559, 0.0010970161236022531, 3.0333773137050397E-4, 6.8925452883860705E-6, 2.925508474401616E-5, 2.030408007312899E-6, 6.822900157281953E-7, 2.1987383159848177E-6]
[0.0, 0.9554834661105855, 0.04262799798369455, 0.0016657625102025713, 3.941952173363902E-5, 1.6206360699933773E-4, 1.3621555479902656E-5, 3.889249010206157E-6, 3.7794622942925353E-6]
[0.0, 0.9169376085604828, 0.06655938375163135, 0.015593847569239217, 2.73439446546631E-4, 5.547073095741311E-4, 5.2079028292165195E-5, 1.4543752557175042E-5, 1.4390581676414178E-5]
[1.0, 0.018931577955237235, 0.9781707849670719, 0.0028308408525409452, 5.317052723401812E-5, 5.06791740043495E-6, 5.116250923071634E-6, 1.7154921161343861E-6, 1.726037476254334E-6]
[1.0, 0.012738981337176632, 0.98574334130483, 0.0014377322001598609, 3.711695053371302E-5, 5.575735723453632E-6, 3.3800714548184715E-5, 1.7351973167725285E-6, 1.7165597114494525E-6]
[0.0, 0.9995181629585276, 3.0557074181899666E-4, 1.7178138065267212E-4, 2.5088641965496303E-6, 7.34926600737994E-7, 7.491259222795766E-7, 2.442208152116779E-7, 2.4778146605059204E-7]
[0.0, 0.9991008695399939, 5.404120084878099E-4, 3.542399323381111E-4, 2.567680471619684E-6, 7.117911322309042E-7, 7.16771955751821E-7, 2.411937201109105E-7, 2.410819002350093E-7]
[0.0, 0.9703672525002974, 0.02557346691475534, 0.0038421424979397534, 1.2108132911573991E-4, 3.221859418955517E-5, 4.1944350965929906E-5, 1.0977544611426393E-5, 1.0916268124809622E-5]
[0.0, 0.9990825095241803, 6.522094599701997E-4, 2.536012363180637E-4, 6.54771100209155E-6, 9.826700608158297E-7, 3.5410546536481013E-6, 3.034520549128818E-7, 3.0489175985218614E-7]
[1.0, 0.06571616671769587, 0.923440791430413, 0.010744015804270621, 7.72971678989906E-5, 8.112493031857006E-6, 8.135245501880138E-6, 2.7389674917451093E-6, 2.7421736959409703E-6]
[0.0, 0.9990746805454881, 7.327169155666825E-4, 1.8461763817094552E-4, 3.6049155256204655E-6, 2.700854226177592E-6, 9.481006293037881E-7, 3.6365346806120584E-7, 3.67376925184495E-7]
[0.0, 0.9990989077763323, 4.948268237689728E-4, 3.963054102389949E-4, 7.933880176084224E-6, 7.562131031798045E-7, 7.579297805626783E-7, 2.5642358997242147E-7, 2.555430098990709E-7]
[0.0, 0.9994598016975307, 3.9435950028917385E-4, 1.4180136410000649E-4, 1.939275568637494E-6, 7.106671399382014E-7, 5.822521180890267E-7, 1.9509558197434216E-7, 6.101476714537384E-7]
[0.0, 0.9984994241690341, 0.001070810320278907, 4.213021952454023E-4, 5.360965708156012E-6, 1.1499996876440072E-6, 1.1725806203256192E-6, 3.889626298320468E-7, 3.9080679562794863E-7]
[0.0, 0.9976082471447523, 0.0016687091351607153, 7.138840887715839E-4, 5.353711817286935E-6, 1.4101012596450455E-6, 1.439684196990695E-6, 4.76936385439093E-7, 4.791976560635425E-7]
[0.0, 0.9991222130735632, 4.123294320006787E-4, 4.522658898041179E-4, 1.0890550619250408E-5, 8.568554828401362E-7, 8.619050563510311E-7, 2.904236760170715E-7, 2.9186979759476884E-7]
[0.0, 0.9991696836933527, 6.083989403498135E-4, 2.1314696722693564E-4, 2.9225586300103857E-6, 8.620677448859674E-7, 4.404488409959016E-6, 2.9102598116050476E-7, 2.902583044976949E-7]
[0.0, 0.9989213000225905, 8.497600008912172E-4, 2.1189003926256895E-4, 8.659445025154299E-6, 1.4567662847570027E-6, 6.128847298895247E-6, 4.0440246984138065E-7, 4.0047617705527827E-7]
[0.0, 0.9992120317225943, 5.93349617719863E-4, 1.8862215760634437E-4, 3.0682054020959905E-6, 1.8079101433553002E-6, 6.346439315481792E-7, 2.398261575829359E-7, 2.459164448929637E-7]
[0.0, 0.9372827348522251, 0.04916772226209922, 0.01318848863561684, 2.1528813476239965E-4, 5.4640334547474005E-5, 5.64261961636034E-5, 1.86854322409234E-5, 1.6014152344451374E-5]
[0.0, 0.9718446443973056, 0.023873198878701873, 0.004093278743446868, 9.578225817199207E-5, 2.8817733402858692E-5, 2.5485843602476883E-5, 9.11012038205296E-6, 2.9682024986488804E-5]
[0.0, 0.9989521559929665, 7.891913086208899E-4, 2.486636070351301E-4, 7.130552051658429E-6, 9.76055595802395E-7, 1.1864806689672733E-6, 3.4872990276073695E-7, 3.472731582154354E-7]
[0.0, 0.9977583226850134, 5.990641882252322E-4, 0.0016389670837391197, 2.011801371937169E-6, 6.147015256993578E-7, 6.093136594047613E-7, 2.0772650152111323E-7, 2.0249996364609632E-7]
[0.0, 0.9993493889204078, 2.3621525300450107E-4, 4.0967146519078326E-4, 2.687642813961557E-6, 7.590435113000338E-7, 7.645856141773347E-7, 2.5679416649614186E-7, 2.562952910233655E-7]
[0.0, 0.9995516888052786, 2.850047630772478E-4, 1.5863213819626066E-4, 2.6142074625843685E-6, 8.156359072217733E-7, 7.490771601356502E-7, 2.459835740298002E-7, 2.493893440781763E-7]
[0.0, 0.999367425063888, 5.373475928762543E-4, 9.235892586843253E-5, 1.6300610761065624E-6, 4.603615020619831E-7, 4.669995914193592E-7, 1.558317594018969E-7, 1.5516343830219576E-7]
[0.0, 0.7635623080717083, 0.1873365058670904, 0.04484215269306633, 0.003186937274703507, 3.5069882550074104E-4, 5.489219100089835E-4, 8.665955285538257E-5, 8.581580506617498E-5]
[0.0, 0.8905597731491746, 0.09938768835331033, 0.009295961886886504, 2.603831122315254E-4, 8.940714082275349E-5, 3.6005030580606677E-4, 2.3123988760570783E-5, 2.3612063007749626E-5]
[1.0, 0.02510444235448344, 0.9721284980059883, 0.0027275054227091098, 2.1771318644325585E-5, 7.020687128492832E-6, 6.4752137094323035E-6, 2.1481171961303185E-6, 2.1388801408239766E-6]
[0.0, 0.9994446562668738, 3.021850106698119E-4, 2.493142270978268E-4, 2.184364320832028E-6, 6.169077064220976E-7, 6.261874819116629E-7, 2.0870779858770142E-7, 2.0832805079807715E-7]
[0.0, 0.9987790604402231, 5.249208367563832E-4, 6.817019724043312E-4, 1.0937514671537368E-5, 1.252040204444467E-6, 1.2784742813859907E-6, 4.233823027509001E-7, 4.253391559721233E-7]
[2.0, 0.05238495223262437, 0.0076592935230174325, 0.9398521549416181, 7.24800959300451E-5, 1.2188602610250842E-5, 1.219652292498953E-5, 3.3590722075591487E-6, 3.375009067337841E-6]
[2.0, 0.04419768295896059, 0.008329534202069454, 0.9474131936531083, 3.009707329805169E-5, 1.7576591438509112E-5, 7.15885549070853E-6, 2.357675957468913E-6, 2.3989896769739177E-6]
[0.0, 0.9908156658024415, 0.008103365815208752, 0.001050604148949303, 1.8839086058189174E-5, 3.918910277439517E-6, 4.866946656537287E-6, 1.375174024682198E-6, 1.3641163836527823E-6]
[0.0, 0.9993492042521402, 2.791482811118809E-4, 3.6598889573276013E-4, 3.116934371824656E-6, 1.0207644738514094E-6, 8.977827296067155E-7, 3.0954202458857407E-7, 3.135474152283476E-7]
[0.0, 0.996404925563181, 0.0031511749183896977, 4.0845523284153496E-4, 6.229044699036148E-6, 2.4611611689708304E-5, 1.903159268164434E-6, 6.395298690373337E-7, 2.0609400619300735E-6]
