[0.0, 0.9927523144852278, 0.005243382829176987, 0.0019854724581311652, 9.976677475605401E-6, 3.3604854768285893E-6, 3.3050514136505947E-6, 1.1080886295171271E-6, 1.0799244682262125E-6]
[2.0, 0.004193107109871162, 0.0037320025767249776, 0.9920326931968558, 3.30625171600278E-5, 3.4385455286982768E-6, 3.4596620600459313E-6, 1.1449541816411211E-6, 1.0914376176617174E-6]
[2.0, 0.009776466628916111, 0.0070525655140289, 0.9830837574743266, 6.681335335963653E-5, 7.678072256333624E-6, 7.725224243165626E-6, 2.5566161225615253E-6, 2.4371167465273452E-6]
[2.0, 0.032401483567028634, 0.005157860804050151, 0.9623790247559779, 3.244295668329246E-5, 1.0934369337965787E-5, 1.107615415034593E-5, 3.672000730702055E-6, 3.5053920409490753E-6]
[2.0, 0.017943574945138582, 0.0032480044639845744, 0.9787613946109583, 2.4767374331570642E-5, 8.347439511039144E-6, 8.427452443917361E-6, 2.8068172740037267E-6, 2.6768963580750923E-6]
[0.0, 0.9990370563284706, 6.388994157499103E-4, 3.128481246807219E-4, 6.130609709249401E-6, 3.960366825017644E-6, 6.854553116352533E-7, 2.1056114353883582E-7, 2.0913810928988422E-7]
[0.0, 0.9995204728968419, 3.4914238104084773E-4, 1.2518936500471997E-4, 2.8795221829843843E-6, 9.75101140499208E-7, 8.125191542129865E-7, 2.6919990739804533E-7, 2.5901472739501867E-7]
[0.0, 0.9940041094604603, 0.0016229258845135046, 0.004363430816388564, 3.943120131302033E-6, 2.067959466804225E-6, 2.0850089533209337E-6, 7.144507397813628E-7, 7.232993465857582E-7]
[0.0, 0.9996189217278308, 1.266312919879552E-4, 2.532811108331848E-4, 5.084666442048486E-7, 2.406236915271692E-7, 2.5017498184494796E-7, 8.237354265643497E-8, 8.423048790777113E-8]
[0.0, 0.9944881591078997, 0.005053550112135201, 4.3947518186258005E-4, 1.0633955690099349E-5, 3.715152222209203E-6, 2.457454096556479E-6, 9.702866529205312E-7, 1.0387494407016369E-6]
[0.0, 0.9993746763351069, 4.3615727244789503E-4, 1.835649360122818E-4, 3.128571401995511E-6, 1.0404147583970566E-6, 8.707807071317486E-7, 2.8983651638549573E-7, 2.718530489571278E-7]
[0.0, 0.9985377435048969, 5.948071998625911E-4, 8.605475193113854E-4, 3.890664942335793E-6, 1.1362835827560794E-6, 1.1395463793256825E-6, 3.796104098771607E-7, 3.5567061488997446E-7]
[0.0, 0.9995412071681756, 1.766083455287186E-4, 2.7710894811473557E-4, 3.291223539848819E-6, 6.663910498362435E-7, 6.71598745016613E-7, 2.22706240805572E-7, 2.2361860554729185E-7]
[0.0, 0.9711475296631757, 0.01603811452087003, 0.012639893817138613, 9.47472311123123E-5, 3.025385873142581E-5, 2.935067737455393E-5, 1.00826092060782E-5, 1.0027622391396937E-5]
[0.0, 0.9982449812500592, 0.0014229108290271868, 3.151570994969419E-4, 1.2774784974326878E-5, 1.6664863995611254E-6, 1.5729891651592672E-6, 4.7119264947622056E-7, 4.653682283947116E-7]
[0.0, 0.9980343590006372, 0.0013134211201564774, 6.287270625839685E-4, 6.913006430405907E-6, 1.2230367973461685E-5, 1.8224496512881838E-6, 6.103909057697921E-7, 1.916601661329731E-6]
[1.0, 0.05017307480066924, 0.9476613916124259, 0.0021170349474293306, 3.147997561323393E-5, 6.373913453075849E-6, 6.421866277284139E-6, 2.130146112711763E-6, 2.092738019106951E-6]
[1.0, 0.020702187419519378, 0.9785959138314656, 6.353301475971518E-4, 4.562039002280189E-5, 4.153476229601963E-6, 1.4470767774053041E-5, 1.1413302960149167E-6, 1.1826370955049512E-6]
[0.0, 0.9998545092786315, 7.696353248058698E-5, 6.688330134976672E-5, 8.635078906445749E-7, 2.9244506337038653E-7, 2.9636638183976117E-7, 9.805856804516249E-8, 9.350963432851522E-8]
[0.0, 0.9996299620227048, 1.5276287773017272E-4, 2.1344156557379998E-4, 2.2081852877979368E-6, 6.120779477887024E-7, 6.120601080139375E-7, 2.0531926522499992E-7, 1.958913824130725E-7]
[1.0, 0.007822486950949751, 0.9911285522758191, 0.0010204978198372866, 1.582547334786084E-5, 5.260414996642486E-6, 4.436718614880938E-6, 1.4657945383978703E-6, 1.4745518961507702E-6]
[1.0, 0.008303773689739884, 0.99035270960812, 0.0013146853808172494, 1.6069224782130756E-5, 5.336870047759336E-6, 4.4673313433168685E-6, 1.458824266044751E-6, 1.4990708833704896E-6]
[0.0, 0.9995329184203328, 2.0915529358774072E-4, 2.5604321719537536E-4, 1.1169681015256929E-6, 2.85382500417729E-7, 2.8865033127295665E-7, 9.600370843420164E-8, 9.606424262952722E-8]
[0.0, 0.90780247807594, 0.07822727226773665, 0.013638199244250035, 1.3108104222097621E-4, 4.422704698887462E-5, 1.3451700104104172E-4, 1.1882201502909382E-5, 1.0343120319393706E-5]
[0.0, 0.9994846775454898, 1.6675859837917448E-4, 3.4549946891820476E-4, 1.6103057961332155E-6, 5.453638417181702E-7, 5.544495569131092E-7, 1.8286373777751946E-7, 1.7140428035833237E-7]
[0.0, 0.9947628883321386, 0.0036288320619268376, 0.0015904934783171377, 9.291531798508788E-6, 3.695323521227606E-6, 2.8559827885947324E-6, 9.68606878890513E-7, 9.74682630094794E-7]
[0.0, 0.9994127901535977, 2.0281936360029126E-4, 3.8145966682804776E-4, 1.5434086753566188E-6, 5.202726795825669E-7, 5.2539842633596E-7, 1.7491632731792598E-7, 1.6681986529793788E-7]
[0.0, 0.9987160708614918, 5.247057491117159E-4, 7.53176975067344E-4, 3.4052265406725287E-6, 9.945094401802953E-7, 9.97769976028241E-7, 3.321752298879301E-7, 3.167331423362613E-7]
[0.0, 0.999798572684492, 1.2478949403793829E-4, 7.457518439666873E-5, 1.0829732889761857E-6, 3.6677162485065974E-7, 3.726232327942985E-7, 1.229807059074984E-7, 1.1728822064989518E-7]
[0.0, 0.9993948486198698, 3.8723196999960574E-4, 2.139799095134999E-4, 2.2464831865776305E-6, 7.355943448312142E-7, 5.741795870141264E-7, 1.9138020391352702E-7, 1.918632950911732E-7]
[0.0, 0.9985603767276373, 0.00123345803676895, 1.9509416447206768E-4, 4.168353151570814E-6, 1.3672385758425251E-6, 4.772351688043981E-6, 3.804778873516103E-7, 3.826498188215458E-7]
[0.0, 0.9996521368639133, 2.1725192242119318E-4, 1.2687044237939192E-4, 9.546303337942744E-7, 2.369402178068716E-7, 2.4160060698376988E-6, 6.676749366201106E-8, 6.642717091505874E-8]
[2.0, 0.05110842076618074, 0.002595951284165323, 0.9462579192692258, 1.9868491093676487E-5, 6.728881345400229E-6, 6.837049473198502E-6, 2.256233911666597E-6, 2.0180246042416647E-6]
[0.0, 0.9990911682375009, 6.48533964821329E-4, 2.3915773611687832E-4, 1.4034423873032661E-5, 5.5552959114971584E-6, 9.617996206445475E-7, 2.9517941057343665E-7, 2.9336274512176367E-7]
[0.0, 0.9990199418572699, 7.871172879897435E-4, 1.865427051681669E-4, 2.0399427266878216E-6, 3.411562044220898E-6, 5.902965996018481E-7, 1.7619124481162226E-7, 1.8015695696327635E-7]
[0.0, 0.881508742732111, 0.10456363693582975, 0.013531092684348175, 1.564666742001493E-4, 5.290837437748359E-5, 1.6092134419478873E-4, 1.3327093616078034E-5, 1.2904161322632462E-5]
[1.0, 0.01537519401837406, 0.9834416039246671, 0.0011658107711095915, 1.0033820892534095E-5, 2.7458461724808867E-6, 2.7701091299502858E-6, 9.198970366154951E-7, 9.216126175839861E-7]
[0.0, 0.9966988896457947, 0.002293472505626102, 9.75928955490135E-4, 9.146567869752403E-6, 1.664346796370157E-5, 2.480046589970983E-6, 8.306390705135018E-7, 2.608171595387404E-6]
[0.0, 0.9997750841603814, 1.0630699524124144E-4, 1.1240963528139715E-4, 9.264217523801283E-7, 2.917668170156727E-7, 4.81639837939415E-6, 8.262599143919482E-8, 8.199615573021E-8]
[0.0, 0.9988850152376311, 7.199915688066086E-4, 3.8674513318697097E-4, 3.10815233873867E-6, 8.905321565209383E-7, 3.6615254467690845E-6, 2.911748598155771E-7, 2.966755736819083E-7]
[0.0, 0.9956038883335219, 0.0035265279323610423, 8.363456722575193E-4, 1.4104034329238204E-5, 4.659579603758024E-6, 9.075549149658218E-6, 1.2864488536969668E-6, 4.11244992326906E-6]
[0.0, 0.9992987534549724, 4.7670299887208603E-4, 2.2025390707543444E-4, 1.6059424386785949E-6, 2.1190168181489865E-6, 3.407398368168482E-7, 1.1204992401584015E-7, 1.1189006252335813E-7]
[0.0, 0.9994989172306106, 1.6650846588414273E-4, 3.3304129287630227E-4, 6.685867256875223E-7, 3.163979542700953E-7, 3.2895701983012033E-7, 1.0831360876006534E-7, 1.1075532044267407E-7]
[0.0, 0.9991429032945494, 6.202160307888603E-4, 2.2512357469732188E-4, 4.364073012633785E-6, 1.4724804092860005E-6, 5.118206889478578E-6, 4.090016925798218E-7, 3.933379602765323E-7]
[0.0, 0.9994172736597301, 2.720489930183204E-4, 2.5370150120010925E-4, 2.6303080210035527E-6, 8.724683427653767E-7, 5.3007219870408144E-5, 2.3273437195430543E-7, 2.331154453446809E-7]
[0.0, 0.9991658433639392, 6.414340719318794E-4, 1.863279944138564E-4, 2.0375947515086123E-6, 3.407635334467057E-6, 5.896171678971712E-7, 1.7977286503260515E-7, 1.7994959620859553E-7]
[0.0, 0.9982442822010227, 0.0010178128700078447, 7.261928627755508E-4, 6.017585697862604E-6, 1.887890943995969E-6, 1.6022815819026143E-6, 5.35957902615604E-7, 1.6683500676333524E-6]
[0.0, 0.9986778243448864, 0.0010952511086134303, 2.1796896004569097E-4, 3.328368564065022E-6, 4.408360816693845E-6, 7.59893706586893E-7, 2.2681245017905932E-7, 2.3215091707456692E-7]
[0.0, 0.9774797700742976, 0.018436080848382008, 0.0037761164844346785, 2.087164850913671E-4, 7.848023256273806E-5, 1.2688323523784746E-5, 4.01752678594901E-6, 4.130024921701189E-6]
[1.0, 0.05698912942679287, 0.9383921194735487, 0.004543522106240503, 4.346548118185852E-5, 1.1967537400894603E-5, 1.186731784970459E-5, 3.984944168361446E-6, 3.9437128173174115E-6]
[1.0, 0.02230463043490704, 0.9767679227090851, 8.308579335558165E-4, 6.924576305623322E-5, 5.413326706466718E-6, 1.8879451683130134E-5, 1.5114066421003315E-6, 1.5389743640264568E-6]
[0.0, 0.9812140521544944, 0.01853716988336251, 2.4509956804465117E-4, 1.4818994870920431E-6, 8.162299569170791E-7, 8.183270699624739E-7, 2.808435985967787E-7, 2.8109398574413564E-7]
[0.0, 0.964353467286983, 0.02768085186798199, 0.00776709075476536, 1.0871161263751098E-4, 3.394707568200554E-5, 3.240023508121667E-5, 1.159288218038776E-5, 1.1938284688231797E-5]
[0.0, 0.9201154604748816, 0.07206907223380513, 0.007618701815707637, 1.1826762622177552E-4, 3.0113739131392397E-5, 2.8379597802494112E-5, 9.839862762511553E-6, 1.0164649687470265E-5]
[2.0, 0.01620807162457427, 0.004968287908077099, 0.9787398835654751, 6.56508776012487E-5, 6.81649021302128E-6, 6.856217466616876E-6, 2.2694081650233177E-6, 2.1639084274703844E-6]
[2.0, 0.012152870318134692, 0.004503459377080754, 0.9832686438758014, 5.750287526800983E-5, 6.597203814755511E-6, 6.635653043138462E-6, 2.1964013349464185E-6, 2.094295522528413E-6]
[2.0, 0.01418594380125535, 0.0026868925716152145, 0.9830824877583534, 2.568991387238158E-5, 7.1239006404573845E-6, 7.203321933950261E-6, 2.383978061107211E-6, 2.274754268158449E-6]
[2.0, 0.016424777739136275, 0.002747240323003093, 0.9807784417905162, 2.8486255448083098E-5, 7.899335686329374E-6, 7.987401970463066E-6, 2.644793460463142E-6, 2.522360778875266E-6]
[0.0, 0.983626668100699, 0.013379483766037417, 0.002939756243637235, 2.6027074839672725E-5, 2.1978861815766868E-5, 3.8040737742134596E-6, 1.125132573975576E-6, 1.156746622787938E-6]
[0.0, 0.9977288241700806, 0.0010942628787270667, 0.0011590732304414056, 5.1537661132448305E-6, 9.378003030170818E-6, 1.3752694599579954E-6, 4.630700945102563E-7, 1.4696120530945321E-6]
[0.0, 0.9995935195651094, 1.6982198576853712E-4, 2.3336749451291874E-4, 1.8922434894344777E-6, 5.247071528848996E-7, 5.308854670234011E-7, 1.755906495775207E-7, 1.6752785008682048E-7]
[0.0, 0.999515086341492, 3.530635250148486E-4, 1.2659534019092864E-4, 2.911861485426415E-6, 9.871405310905559E-7, 8.216443843721111E-7, 2.722232344188115E-7, 2.619236668210335E-7]
[0.0, 0.9986423770298292, 0.0010537885749287864, 2.953237735169677E-4, 4.777278183187256E-6, 1.5814787836119295E-6, 1.3238077141837877E-6, 4.290909573425631E-7, 3.989660868741281E-7]
[0.0, 0.9987556432699937, 7.464673262677258E-4, 4.8726420781440604E-4, 5.9557656895745045E-6, 1.9780137468428783E-6, 1.6557350525131812E-6, 5.366798600554799E-7, 4.990015753222922E-7]
[0.0, 0.9987211765771014, 6.604650847527752E-4, 6.134739760180959E-4, 2.564455989895738E-6, 8.644608591605438E-7, 8.734149279826416E-7, 2.9064857634231433E-7, 2.91381774452937E-7]
[0.0, 0.9981177345000901, 4.18290073733863E-4, 0.0014582249842522105, 3.021937392569087E-6, 1.018674761821846E-6, 1.0239691864245754E-6, 3.424982937537252E-7, 3.4336228939076543E-7]
[0.0, 0.9996316358186763, 1.272155178956775E-4, 2.380517318477156E-4, 1.7812477011345397E-6, 4.937541717423588E-7, 4.945615011434176E-7, 1.6571069482673732E-7, 1.6165751152625152E-7]
[0.0, 0.9996818016049267, 1.8490699255863395E-4, 1.3059564242245638E-4, 1.4152125878552333E-6, 4.792914337226881E-7, 4.872763882228962E-7, 1.6070926664142435E-7, 1.5327041577156E-7]
[0.0, 0.9990320893392306, 6.977216456902532E-4, 2.666386161511534E-4, 2.183520829415897E-6, 5.443501946258807E-7, 5.15609589209182E-7, 1.5438969740698473E-7, 1.5252861741299107E-7]
[1.0, 0.08220729109632463, 0.9171809178484064, 6.008832831440684E-4, 5.458144771563311E-6, 1.826075298830783E-6, 1.5215896599552777E-6, 5.133959132544926E-7, 1.5885664815817E-6]
[0.0, 0.9991246805642218, 2.435073307119642E-4, 6.277952105640802E-4, 1.4002903850219497E-6, 7.333203136244709E-7, 7.964607423364713E-7, 2.6489973296354135E-7, 8.219233281442741E-7]
[0.0, 0.9994443019902604, 2.1708072132990447E-4, 3.3569452087957226E-4, 1.5391655776143178E-6, 5.188241528651161E-7, 5.239930580458787E-7, 1.7442933081900996E-7, 1.6635541071216284E-7]
[0.0, 0.9993491739021214, 2.5915360162034846E-4, 3.8818253581096254E-4, 1.8378258611521632E-6, 6.19518731917742E-7, 6.256908300463762E-7, 2.08282974571439E-7, 1.986420495709803E-7]
[0.0, 0.9570336245790528, 0.029847435010166203, 0.01293382859354323, 1.1068945755643241E-4, 2.880626770879309E-5, 2.7069118348129485E-5, 9.298843034331115E-6, 9.248130589940165E-6]
[0.0, 0.999689528288796, 1.9848384260201017E-4, 1.0823500945932419E-4, 1.8862329733122584E-6, 6.26654913988982E-7, 5.188071925552492E-7, 1.7601513462984906E-7, 5.451489281514064E-7]
[0.0, 0.9970906609627473, 0.0025608487354584278, 3.368552602884995E-4, 3.683689681419506E-6, 6.23269301997724E-6, 1.0671365413895469E-6, 3.264911453135409E-7, 3.2503111757153127E-7]
[1.0, 0.00930898468582035, 0.9895029038301305, 0.0011590979856796878, 1.6165088876815106E-5, 5.3924778474791515E-6, 4.528133878982963E-6, 1.4980062590182964E-6, 1.4297915071051967E-6]
[1.0, 0.008885287719736864, 0.9901202659829274, 9.649239451955212E-4, 1.6465439126401985E-5, 5.480312793426502E-6, 4.601873020840283E-6, 1.5216466472691071E-6, 1.4530805521962718E-6]
[2.0, 0.031876078953730576, 0.003460436749192078, 0.9645979578604426, 2.4348933080409787E-5, 8.182596473853615E-6, 2.8555226530556856E-5, 2.2578903763487085E-6, 2.1817901736126596E-6]
[0.0, 0.9991933804623406, 5.587899112621112E-4, 2.0390325868747212E-4, 4.025975762493946E-5, 2.7737058073737383E-6, 5.291655426627039E-7, 1.8204966387935854E-7, 1.8168907091074456E-7]
[0.0, 0.9985568461984499, 9.202865278311798E-4, 5.04033709500959E-4, 5.541972792774641E-6, 9.804759656583623E-6, 1.4610092562936777E-6, 4.893341018539504E-7, 1.5364884104487046E-6]
[1.0, 0.05807804468098374, 0.940544282593332, 0.0013097918561728872, 3.871812752858359E-5, 1.1026662103593234E-5, 1.1083088842549078E-5, 3.4840608793495784E-6, 3.5689301574656736E-6]
[2.0, 0.045203684068355586, 0.005313842888699599, 0.9494148466236823, 3.8888820846171644E-5, 1.0816330713061948E-5, 1.0810740080369975E-5, 3.6051995321237644E-6, 3.5053280908884285E-6]
[1.0, 0.023370948377398178, 0.9761233989910928, 2.480254866508446E-4, 2.4224305805205546E-4, 1.220078026158631E-5, 1.8850150321366582E-6, 6.495545406173432E-7, 6.487369717693018E-7]
[0.0, 0.9995238232533603, 2.759510208451709E-4, 1.9457269429684263E-4, 3.1544127858080346E-6, 1.0441005870757336E-6, 8.807462914129079E-7, 2.912248301347878E-7, 2.8254700325002907E-7]
[0.0, 0.999315480180171, 3.803049997110229E-4, 2.971592765101542E-4, 3.929546177431808E-6, 1.3061880164586406E-6, 1.101828947923467E-6, 3.645092447504263E-7, 3.534712213553413E-7]
[0.0, 0.9989360290337568, 9.433622156192122E-4, 1.0941343952005943E-4, 6.129989753352922E-6, 3.9599663342211606E-6, 6.855969832564049E-7, 2.1064107287549694E-7, 2.0911696026716353E-7]
[0.0, 0.9355210365782584, 0.04418836724929631, 0.020113949563334177, 1.0696153794155886E-4, 2.5442628418471565E-5, 2.6365965755909213E-5, 8.917510121296453E-6, 8.95896687425904E-6]
[0.0, 0.959447002917144, 0.00915486527825744, 0.03125880708883461, 7.576397441543929E-5, 2.4192290919604475E-5, 2.3288943086771177E-5, 8.06098777792704E-6, 8.018519564006102E-6]
[0.0, 0.9724679365781874, 0.003421050668255199, 0.024085082207606752, 1.3850959715659892E-5, 4.4115600976026316E-6, 4.639539473601912E-6, 1.5118731115635518E-6, 1.5166135525218513E-6]
[2.0, 0.11779534157146322, 0.018790482627874822, 0.8632658472652499, 7.912426487113469E-5, 2.5296993724232017E-5, 2.6468091305552015E-5, 8.727082622208958E-6, 8.712102888951096E-6]
[0.0, 0.9992316716806915, 6.054750971891902E-4, 1.5886270474416877E-4, 2.095628206648003E-6, 7.064221679521416E-7, 7.164379752891685E-7, 2.3631749958396328E-7, 2.3571152565118978E-7]
[0.0, 0.9969953991483617, 0.0018098730865549252, 0.001185661347775791, 5.087863076947262E-6, 1.4907501173271385E-6, 1.5008528834626631E-6, 4.9384297968383E-7, 4.93108250503158E-7]
[1.0, 0.01810567566112382, 0.9812541604556754, 6.0716708689014E-4, 1.8270806716209567E-5, 6.202981595726441E-6, 5.186104489643253E-6, 1.6915877022838785E-6, 1.645315807051813E-6]
[2.0, 0.04509577676223645, 0.002777909633397254, 0.9519744468579054, 1.1924666701521866E-4, 1.2241961422644964E-5, 1.2377248781269333E-5, 4.071855669631657E-6, 3.92901357223645E-6]
[1.0, 0.025482731650555476, 0.9735916879722947, 8.811034811861202E-4, 2.4627505101874084E-5, 8.361095559073165E-6, 6.990431060946501E-6, 2.280117425318936E-6, 2.2177468166424143E-6]
[0.0, 0.9996742257354496, 2.649656206283761E-4, 5.8088207181221096E-5, 1.5106253472053912E-6, 5.145841007735113E-7, 4.186929543342712E-7, 1.398887113341833E-7, 1.366456272173416E-7]
[1.0, 0.005523822065475184, 0.9927255162265546, 0.0017350414179399497, 8.214444736413893E-6, 2.7690340494616425E-6, 2.795812351868234E-6, 9.309527199058871E-7, 9.1004617249475E-7]
[0.0, 0.9993857478217583, 3.314395191877364E-4, 2.7650856781440944E-4, 3.4875914706805584E-6, 1.1880239690970265E-6, 9.899406230427389E-7, 3.22962061636358E-7, 3.155731151507809E-7]
[0.0, 0.998883989093592, 6.852355192307785E-4, 4.1615163707328656E-4, 4.5901412864062204E-6, 1.565442979663381E-6, 7.5945407156675715E-6, 4.3430089032419007E-7, 4.3932423190324453E-7]
[0.0, 0.9978216707284179, 0.001526069527304496, 6.451026124370833E-4, 3.940467197925824E-6, 1.3478308292970032E-6, 1.1282281290951143E-6, 3.662448449033754E-7, 3.7436083931209363E-7]
[0.0, 0.9994525251860931, 2.273033144030648E-4, 3.1718151048642254E-4, 1.7032675936506233E-6, 5.374111485881666E-7, 4.4596537780874364E-7, 1.5311764737874247E-7, 1.5022724999405247E-7]
[1.0, 0.13385669656744686, 0.8639532367920635, 0.002140957842086291, 3.420197928509866E-5, 5.651651818285986E-6, 5.608935192014678E-6, 1.7948495041416275E-6, 1.8513826039347255E-6]
[0.0, 0.9996395018904427, 1.5167426360929365E-4, 2.050421603215939E-4, 2.123714448082345E-6, 7.06586435313944E-7, 5.754629389861381E-7, 1.9111159314950299E-7, 1.848102106908881E-7]
[0.0, 0.9997053695359553, 2.1233538673360122E-4, 7.903022984348597E-5, 1.8062007272023762E-6, 6.152698144138354E-7, 5.126837498768333E-7, 1.672599315287746E-7, 1.6343324465110985E-7]
[0.0, 0.9988612743843419, 2.949178039138464E-4, 8.402545943453128E-4, 2.0737452216354523E-6, 5.506234496064246E-7, 5.562179233864142E-7, 1.8738478282188497E-7, 1.8524602142731085E-7]
[0.0, 0.9997780390572797, 1.242932911307092E-4, 9.39007543551331E-5, 1.7165864178845237E-6, 5.744620698132937E-7, 4.783573851205697E-7, 1.618810768801939E-7, 8.356102846014998E-7]
[0.0, 0.9893388722025275, 0.0034879124774382228, 0.007126081226122929, 2.387976779321776E-5, 7.715324767410882E-6, 6.5420952750285386E-6, 2.1875177949323946E-6, 6.809388280896612E-6]
[0.0, 0.9960696204177066, 0.002513092748770079, 0.001390834004529259, 1.2331905274841436E-5, 4.184503235068824E-6, 3.1720105334584132E-6, 1.1553493321717971E-6, 5.609060618517881E-6]
[0.0, 0.9990881327513161, 5.055122163721166E-4, 4.0067528255047875E-4, 3.519910886563356E-6, 9.470526664799299E-7, 7.18835753997827E-7, 2.461953152028869E-7, 2.4775513899551103E-7]
[0.0, 0.9997568823954484, 1.895372082480009E-4, 5.232599914960824E-5, 6.493954109226448E-7, 2.7107592728241535E-7, 1.925554490147413E-7, 7.051406263545978E-8, 7.085630422645972E-8]
[2.0, 0.037751204917708, 0.0063510085279964035, 0.9558008720488467, 5.5421491995416796E-5, 1.5712726666033144E-5, 1.5490796417559077E-5, 5.1230093753834685E-6, 5.166480994548153E-6]
[2.0, 0.06109936948145318, 0.00945831811823355, 0.9293560350998663, 3.818974052850777E-5, 1.81742053543295E-5, 1.8013206644828417E-5, 5.924311353800933E-6, 5.97583656547269E-6]
[2.0, 0.03280255516438753, 0.00699288320360994, 0.9601167415632974, 5.1175148122801646E-5, 1.3880611043009987E-5, 1.367825949781975E-5, 4.523515425499959E-6, 4.562534616043641E-6]
[2.0, 0.044587030851269874, 0.007233139163711558, 0.9480998495062608, 3.7705753826556216E-5, 1.5981863574692074E-5, 1.57646586062464E-5, 5.208287026006791E-6, 5.319915724135302E-6]
[4.0, 0.04335899149104333, 0.016165072100587853, 0.0033922696682518053, 3.816520821449706E-4, 0.9366599620292201, 2.503520532870961E-5, 8.507002586656716E-6, 8.510420836512043E-6]
[4.0, 0.04554190069272737, 0.009209423768428928, 0.003882024572965164, 3.839114506524671E-4, 0.9409404379362142, 2.518341296897845E-5, 8.557363778529326E-6, 8.560802264317942E-6]
[0.0, 0.9991867926106678, 5.506295954067344E-4, 2.575285249800704E-4, 2.648769185523888E-6, 8.970612552663966E-7, 9.056082011611898E-7, 2.99292329448441E-7, 2.985379738940968E-7]
[0.0, 0.999582520671659, 2.177123833296042E-4, 1.9323206630330022E-4, 1.919963738099705E-6, 3.3967656835064795E-6, 5.140888736153827E-7, 1.717586240715767E-7, 5.32301788979917E-7]
[0.0, 0.8916594729123166, 0.06897259245522185, 0.03914377536014502, 9.992313536760846E-5, 4.809966229504914E-5, 4.589344505581941E-5, 1.4911212547416486E-5, 1.5331817050516185E-5]
[0.0, 0.9990388930177789, 8.405890879416646E-4, 1.140460046916407E-4, 2.4430567034435112E-6, 3.2235764605287303E-6, 4.643202074499725E-7, 1.6933870866901222E-7, 1.715975077331775E-7]
[0.0, 0.9801129589127222, 0.012353584320148152, 0.007331023501731772, 9.188014040295114E-5, 3.11770757385801E-5, 2.5682038744382688E-5, 8.694216088752884E-6, 4.4999794423049724E-5]
[2.0, 0.0320786415568196, 0.013964551429503796, 0.9539056932689559, 2.9511583291080417E-5, 8.067810592540482E-6, 8.123567161247173E-6, 2.698672552095155E-6, 2.7121111237609003E-6]
[1.0, 0.012208521739770557, 0.9874199386536525, 3.5479638902148034E-4, 9.279547525914986E-6, 3.1423607115463495E-6, 2.618424039859722E-6, 8.681844771475958E-7, 8.347008010484995E-7]
[1.0, 0.011139409648130332, 0.9877432177535342, 0.0010924655174650482, 1.3779223735595122E-5, 4.693797484899591E-6, 3.91118439316476E-6, 1.2760685148484327E-6, 1.2468067418896424E-6]
[0.0, 0.9991387192791752, 2.2258251731888863E-4, 6.350208516477024E-4, 1.2799621184476629E-6, 6.710139078056605E-7, 7.313984317524725E-7, 2.436827149017131E-7, 7.512946854067044E-7]
[0.0, 0.9992225528396941, 5.341446585611239E-4, 2.3641090478924789E-4, 3.843307806679274E-6, 1.2686094797298828E-6, 1.0705813637533446E-6, 3.5349318408047356E-7, 3.5560512145990197E-7]
[0.0, 0.9991682734637637, 5.878245841195706E-4, 2.3861054017156828E-4, 2.7807828271737224E-6, 9.37383180444136E-7, 9.421518323493417E-7, 3.151664809299606E-7, 3.159276243450231E-7]
[0.0, 0.998927054099175, 6.483076353781452E-4, 4.1430765931782586E-4, 3.962712007487755E-6, 1.1032104190748143E-6, 4.538151025735865E-6, 3.626396139711274E-7, 3.6389306249555557E-7]
[0.0, 0.9997846149939206, 1.2843871607549586E-4, 8.46086801648859E-5, 1.2286787002325362E-6, 4.161178192397629E-7, 4.22756714322076E-7, 1.3952677820055413E-7, 1.3052982728921424E-7]
[0.0, 0.4906311830426866, 0.4830611100291831, 0.02595567251054733, 2.1083233673090105E-4, 5.486785162394006E-5, 5.160283408530846E-5, 1.7597135258994544E-5, 1.7134259883802696E-5]
[0.0, 0.5676173237764338, 0.40648633038046234, 0.025196190784039462, 2.765347089349921E-4, 9.308391081133173E-5, 2.836633877102343E-4, 2.3628669427648237E-5, 2.3244382180105976E-5]
[0.0, 0.9998463509946617, 4.635363533841062E-5, 1.0489530981322785E-4, 1.5597767050906272E-6, 3.158160554670818E-7, 3.182840864383011E-7, 1.0554494469336204E-7, 1.0063839498723009E-7]
[0.0, 0.998705728919303, 7.649847469335382E-4, 5.234834940302371E-4, 3.227461936555815E-6, 1.0987203587951783E-6, 9.155269126111462E-7, 2.988999108205666E-7, 2.622306145280381E-7]
[0.0, 0.999574599927174, 2.1670152302765997E-4, 2.0307767093449597E-4, 2.6091309361882007E-6, 8.768940020315745E-7, 7.305036382894261E-7, 2.466952504038167E-7, 1.1576550370494326E-6]
[0.0, 0.9976109147220722, 0.0019837884158304523, 3.0433494531734173E-4, 8.958714983507675E-5, 2.2410952275845575E-6, 7.875291618218653E-6, 6.334114625721717E-7, 6.249686365504963E-7]
[0.0, 0.9992829922836253, 6.18244473920798E-4, 9.352053423167207E-5, 4.064674985028057E-6, 4.80494771737925E-7, 4.2001787410831766E-7, 1.3972186036019944E-7, 1.377987310414493E-7]
[0.0, 0.9978742591529762, 0.0015668993556780496, 5.537349449789969E-4, 3.1746165659408727E-6, 7.195020202114898E-7, 7.28786603190584E-7, 2.414374360015266E-7, 2.4220374141971123E-7]
[1.0, 0.016930713609792796, 0.9822551263761002, 7.903208649204637E-4, 1.3442949789889281E-5, 4.458152162620592E-6, 3.5526967789130793E-6, 1.1969977653226958E-6, 1.1883526896913186E-6]
[1.0, 0.19841477796238138, 0.8006860437650859, 8.571730237209216E-4, 1.6515726494079024E-5, 5.5854807027436354E-6, 1.695966899560544E-5, 1.4630638557473368E-6, 1.4813087638658136E-6]
[1.0, 0.012633122502995704, 0.9862143147151468, 0.001126830506919783, 1.8223106058804563E-5, 2.8082419236862413E-6, 2.8232908005450066E-6, 9.352838478597103E-7, 9.42352306755137E-7]
[1.0, 0.008681437660069938, 0.9903859711285562, 9.039996265475979E-4, 1.0702462858409119E-5, 3.5416342837163943E-6, 1.2381970506025156E-5, 9.678315996086523E-7, 9.976855784366442E-7]
[0.0, 0.9993524546969226, 4.6483895198635685E-4, 1.754552300731322E-4, 2.7238756367697497E-6, 9.025598076750926E-7, 3.137215134868306E-6, 2.463148329454623E-7, 2.411556055426638E-7]
[0.0, 0.9988017174071443, 5.255582416304736E-4, 6.678396224777818E-4, 2.5646627977805394E-6, 8.645305727069964E-7, 8.734853636206565E-7, 2.906720153943124E-7, 2.913779978968336E-7]
[0.0, 0.9987149185652923, 6.089620284170902E-4, 6.708448564249474E-4, 2.7693332659221683E-6, 9.335236103850174E-7, 9.431930298455553E-7, 3.138688183104342E-7, 3.1463114107313146E-7]
[0.0, 0.999248328776206, 6.028408739519215E-4, 1.4423589090864231E-4, 2.5417772649437684E-6, 8.658388863044861E-7, 7.214745736269671E-7, 2.3537665824904522E-7, 2.299915504040426E-7]
[0.0, 0.9992845171654919, 2.4156382745352592E-4, 4.693243817297982E-4, 2.5418693169617634E-6, 8.658702431892308E-7, 7.215007022698465E-7, 2.3538518255866107E-7, 2.299998796886847E-7]
[0.0, 0.996541477808978, 0.0026743640528045357, 7.529237785067022E-4, 1.5896310249661883E-5, 5.2516975841999995E-6, 3.986872191455087E-6, 1.4644385092604452E-6, 4.635041176194736E-6]
[0.0, 0.9987025345266027, 0.0011022750966046193, 1.8941681279422944E-4, 3.228307303337682E-6, 1.0735821982171102E-6, 8.945801245057552E-7, 2.918512833843117E-7, 2.8524308915820893E-7]
[0.0, 0.9996310223557429, 2.2849455149324797E-4, 1.3727947379441394E-4, 1.6856106881833257E-6, 5.682080212951503E-7, 5.765977411641394E-7, 1.9103224931448784E-7, 1.8217026960993603E-7]
[0.0, 0.9984766393229325, 4.8409607521416036E-4, 0.0010370081554154792, 9.371175815565018E-7, 4.892978810760252E-7, 4.853766082628335E-7, 1.7265057101404723E-7, 1.7200379592627196E-7]
[0.0, 0.9996868355693748, 1.7968165757096193E-4, 1.3149743380701064E-4, 1.043307518650192E-6, 3.533379795507177E-7, 3.572372123413632E-7, 1.1847632478867408E-7, 1.1298021201444473E-7]
[0.0, 0.9992428604579631, 4.0963366098657826E-4, 3.424158993565503E-4, 2.5892330364844314E-6, 8.32745112604259E-7, 7.073888181248557E-7, 2.3583136778194572E-7, 7.24783358680792E-7]
[0.0, 0.9677021622128743, 0.02810011943214759, 0.004112267312871207, 5.6161825894411556E-5, 1.1104478477101031E-5, 1.1020547995837243E-5, 3.526556187323785E-6, 3.6376335519740806E-6]
[1.0, 0.024766860443465315, 0.9748011023862622, 4.1439701204241464E-4, 1.0083071041234219E-5, 2.8487806756274532E-6, 2.8621698271870005E-6, 9.337746258855765E-7, 9.123620600402474E-7]
[1.0, 0.012082761490138524, 0.987385353623456, 5.107772930603367E-4, 1.167725165118347E-5, 3.977775198560365E-6, 3.314546979535902E-6, 1.0814087540754725E-6, 1.056610761593726E-6]
[0.0, 0.9981846612837888, 0.0015492178630117364, 2.5323473687253073E-4, 4.872068127873241E-6, 1.5963067598399061E-6, 5.527753249683117E-6, 4.43228930845523E-7, 4.4675925857339347E-7]
[0.0, 0.9996755928558758, 2.073975288246634E-4, 1.1309572204921916E-4, 1.969700510656524E-6, 6.525171446571271E-7, 5.389201437594914E-7, 1.8312449752518335E-7, 5.696309536223711E-7]
[0.0, 0.9991062656628377, 7.737208795840817E-4, 1.1198498670224669E-4, 2.9643931225743076E-6, 1.0111107626014148E-6, 3.4923785887805676E-6, 2.7760827192283756E-7, 2.829801301353193E-7]
[1.0, 0.011571348827252402, 0.9870552395728801, 0.001153182184968474, 2.1297237358228367E-4, 2.7197784024775292E-6, 2.735702008400724E-6, 9.014931900105313E-7, 9.000677156745655E-7]
[1.0, 0.00959606370502635, 0.9892559051762383, 0.0011187577085714493, 1.100893712435973E-5, 3.635053989189751E-6, 1.2629806326281608E-5, 9.927247600770839E-7, 1.0068879638788961E-6]
[0.0, 0.9996367142460435, 2.809963283029745E-4, 7.902480240105438E-5, 1.8060766854213237E-6, 6.152275604370441E-7, 5.126485410517599E-7, 1.672484448653639E-7, 1.6342202078742492E-7]
[0.0, 0.9726221733099585, 0.022363039329445823, 0.004876317308738809, 7.890382516467118E-5, 2.592738991355119E-5, 1.9365126578833723E-5, 6.958687894116323E-6, 7.315022305441608E-6]
[0.0, 0.869821033148415, 0.10319469523786227, 0.02643274818450349, 3.0068838937192865E-4, 9.556591143714406E-5, 8.946112883707456E-5, 3.219638182671195E-5, 3.361161774650301E-5]
[0.0, 0.9961095648215217, 0.003382468603284741, 4.956859683728421E-4, 7.201656933276183E-6, 2.2867111538672387E-6, 1.603022771187407E-6, 5.877125019634424E-7, 6.01503460517589E-7]
[0.0, 0.9995149755294381, 3.027069481777571E-4, 1.771396922911977E-4, 2.894241291747378E-6, 9.664416268763104E-7, 7.940481043015909E-7, 2.668513728569028E-7, 2.5624769712621807E-7]
[0.0, 0.9988718242689777, 6.771830557005934E-4, 4.454637856891039E-4, 2.848357374308905E-6, 8.936122162966323E-7, 7.460495879535551E-7, 2.511754740427346E-7, 7.896949801246886E-7]
[0.0, 0.9996310223557429, 2.2849455149324797E-4, 1.3727947379441394E-4, 1.6856106881833257E-6, 5.682080212951503E-7, 5.765977411641394E-7, 1.9103224931448784E-7, 1.8217026960993603E-7]
[0.0, 0.9996542353146944, 1.5514919592628766E-4, 1.8714783962358277E-4, 1.938374870380954E-6, 6.449216330384453E-7, 5.332236750213103E-7, 1.7916744162288772E-7, 1.7196213570977332E-7]
[0.0, 0.999590568312876, 2.982317706916202E-4, 1.056780637485609E-4, 4.557143735631834E-6, 3.934843187886866E-7, 3.439588873668884E-7, 1.1442031064119E-7, 1.1284543142409898E-7]
[0.0, 0.9990490720740015, 4.082079842689265E-4, 5.411307145466608E-4, 6.753630256079981E-7, 3.572766428514157E-7, 3.0126253877687446E-7, 1.296916836561622E-7, 1.256332921793259E-7]
[0.0, 0.9864856356792919, 0.011978694132679378, 0.0014856591183811016, 1.6246464905431985E-5, 2.717028390014237E-5, 3.7732645429623737E-6, 1.3910853386173336E-6, 1.4299709605132054E-6]
[0.0, 0.9987247783866804, 0.0012111509453265805, 5.9154410361353096E-5, 2.384717543681259E-6, 1.980542061444411E-6, 3.414966982061753E-7, 1.05307849084542E-7, 1.0419347925278308E-7]
[0.0, 0.9998972428029178, 5.0651787619956526E-5, 5.008785949114358E-5, 1.0608425101464096E-6, 3.5926396470458565E-7, 3.64254017838194E-7, 1.203103721792519E-7, 1.128791061756535E-7]
[0.0, 0.9989316377199259, 4.7780803369962916E-4, 5.83830128804311E-4, 4.831674395312264E-6, 6.766156522725866E-7, 7.619996496272509E-7, 2.2841733013185387E-7, 2.2541054282008791E-7]
[0.0, 0.9993783285138161, 4.2057910404911294E-4, 1.9415780453496667E-4, 3.159534740655455E-6, 1.0397281765976083E-6, 2.1661954535811646E-6, 2.7707047725225146E-7, 2.920487518356847E-7]
[0.0, 0.9993284528345072, 3.7683397773071673E-4, 2.8768959670878486E-4, 3.5059852352285137E-6, 1.1737004394160036E-6, 9.933296679897208E-7, 3.2953283338653006E-7, 1.021042877403685E-6]
[0.0, 0.998806127385078, 9.438707845257012E-4, 2.4324239604467632E-4, 3.775848146395533E-6, 1.2512719599697814E-6, 1.0474016409924407E-6, 3.3344342004435474E-7, 3.5146918429391934E-7]
[0.0, 0.9988064849583694, 8.785166875698208E-4, 3.082386356420637E-4, 3.7675599005981077E-6, 1.2512724079260172E-6, 1.04740201596296E-6, 3.420147839929476E-7, 3.514693101201328E-7]
[0.0, 0.9995507183941803, 2.34289887523861E-4, 2.079455398348368E-4, 2.0661575670147224E-6, 3.6692499282780337E-6, 5.531758341383745E-7, 1.8476172472474707E-7, 5.728334069084462E-7]
[0.0, 0.9648250634911034, 0.020440576224601298, 0.014491219854557754, 1.3927969283698412E-4, 4.707162475272534E-5, 3.2815543521601895E-5, 1.2329990712587214E-5, 1.1643577913790021E-5]
[0.0, 0.9978491267291472, 0.0013400738118564434, 7.933597016612884E-4, 1.1842041925703118E-5, 4.3792265089155295E-6, 7.550919632582536E-7, 2.3301210719049772E-7, 2.303848301344115E-7]
[0.0, 0.9513488310987179, 0.038977572084677274, 0.00949032119725835, 1.0012578553751674E-4, 3.1971291777743875E-5, 3.068434473593956E-5, 1.0652988306125502E-5, 9.841208989254902E-6]
[0.0, 0.9997571539888249, 1.8614421210105307E-4, 5.435794367913256E-5, 1.2286449522116703E-6, 4.1610638976447086E-7, 4.227451024967768E-7, 1.3952294582955173E-7, 1.3683600471472887E-7]
[0.0, 0.9987362828165407, 8.393425118363982E-4, 4.124991267054212E-4, 3.4997708277937055E-6, 6.1917322770652135E-6, 9.080078431931217E-7, 3.0573737729647196E-7, 9.70296592423232E-7]
[0.0, 0.9788949576540046, 0.018078915148891702, 0.002925786397185692, 3.1995015165029444E-5, 5.350786466368794E-5, 9.258372016547655E-6, 2.7634312845862337E-6, 2.8161167880819796E-6]
[0.0, 0.9777192179870409, 0.01815433068879342, 0.003822234167534724, 2.0140100669544152E-4, 8.136699043441618E-5, 1.3001914376880002E-5, 4.165304470791427E-6, 4.281940653390906E-6]
[1.0, 0.013797949601246536, 0.9848166143341264, 0.0011085546240383393, 2.676715372052058E-4, 3.451071353282929E-6, 3.436285962593096E-6, 1.1664610367554904E-6, 1.1560850308618805E-6]
[1.0, 0.010656905012436952, 0.9886374940306327, 6.705609045719438E-4, 1.285175486027982E-5, 4.36718826711456E-6, 1.5380748953099922E-5, 1.2179817070724353E-6, 1.2223785706912034E-6]
[0.0, 0.9993795305159319, 3.8564570369094774E-4, 2.3211391802326124E-4, 1.4505751725894183E-6, 4.6959956870692824E-7, 4.7395957600017855E-7, 1.5768791849727282E-7, 1.5804011797325145E-7]
[0.0, 0.999536348369115, 2.9860054070041087E-4, 1.6213843069054316E-4, 1.6391807894958338E-6, 4.785680604915225E-7, 4.822850177462647E-7, 1.6007174224096962E-7, 1.5255388374988407E-7]
[0.0, 0.9649387041183244, 0.031518428905873065, 0.0033414443485693724, 1.103401604722882E-4, 3.445561782628675E-5, 3.285385377524632E-5, 1.1688857495093599E-5, 1.2084137664187893E-5]
[0.0, 0.9991232585478583, 6.344323465862329E-4, 2.3028375707322704E-4, 4.464104351764898E-6, 1.506231949821367E-6, 5.235281176375305E-6, 4.1858665558547593E-7, 4.011443486893072E-7]
[1.0, 0.04304327043238903, 0.9522154503946294, 0.004699763279914017, 3.185430822822189E-5, 3.639085750136636E-6, 3.675331341560657E-6, 1.2038136622671284E-6, 1.1433540855524888E-6]
[0.0, 0.9994768446499771, 4.52867543408023E-4, 6.814718968334443E-5, 1.0960436982200635E-6, 4.579206961295313E-7, 3.4781352343446825E-7, 1.192371904085465E-7, 1.1960182350290597E-7]
[0.0, 0.9989578183920869, 6.262766456455194E-4, 3.462420750728175E-4, 6.737199538064147E-5, 8.605745766094269E-7, 8.699627698513645E-7, 2.8691479029558764E-7, 2.7343967743528895E-7]
[0.0, 0.9993118963675436, 3.910291189766083E-4, 2.937130538187237E-4, 1.7137688044668409E-6, 5.511796643808916E-7, 4.6224382177098117E-7, 1.5454573380978684E-7, 4.797216367169241E-7]
[0.0, 0.998728564652893, 7.511274746366815E-4, 5.152278859294462E-4, 2.976171914050623E-6, 7.86809699756961E-7, 7.897472021245349E-7, 2.62980192706832E-7, 2.6427753239249085E-7]
[0.0, 0.9971368057204376, 0.001724696978777044, 0.0011298618447628738, 4.84841845675786E-6, 1.4163215008394742E-6, 1.421609244195011E-6, 4.7338575177790206E-7, 4.7572106880724033E-7]
[0.0, 0.9993536903985542, 3.3331023842905375E-4, 3.0737032902830293E-4, 3.650638022450901E-6, 7.39163558749009E-7, 7.437977158856108E-7, 2.4704002141118155E-7, 2.4839467022323846E-7]
[0.0, 0.9994187234538598, 3.3662258389850666E-4, 2.3751526776842057E-4, 2.738144772095323E-6, 7.545105798839757E-7, 3.156015048790343E-6, 2.47605163398347E-7, 2.424189091691427E-7]
[0.0, 0.9991062666765893, 7.737208803691441E-4, 1.1198498681587322E-4, 2.964393125582154E-6, 1.0103032461591308E-6, 3.492171451271652E-6, 2.7760827220451514E-7, 2.8298013042244747E-7]
[0.0, 0.9990881327513161, 5.055122163721166E-4, 4.0067528255047875E-4, 3.519910886563356E-6, 9.470526664799299E-7, 7.18835753997827E-7, 2.461953152028869E-7, 2.4775513899551103E-7]
[0.0, 0.879429693652864, 0.08643805720588779, 0.03374131131697699, 2.1379349980761144E-4, 6.66998224328884E-5, 6.744525052053681E-5, 2.228819580532894E-5, 2.071105570451979E-5]
[0.0, 0.9749077663887954, 0.018822603405199863, 0.006104146712466878, 7.650362283645423E-5, 2.5959464504380418E-5, 2.10164302298328E-5, 7.206963789197933E-6, 3.47970121779433E-5]
[0.0, 0.9990821956165103, 5.713684245087861E-4, 3.3851934925443745E-4, 5.75698997694327E-6, 7.32312895327841E-7, 8.860572722987646E-7, 2.7123265245733835E-7, 2.700169293738027E-7]
[0.0, 0.999069683160879, 3.590435866348149E-4, 5.691523506875105E-4, 9.431810448576574E-7, 4.426445980139134E-7, 4.484257005368567E-7, 1.4643865922522358E-7, 1.4021179610612898E-7]
[0.0, 0.9989636419163617, 2.80267298752581E-4, 7.526080046905059E-4, 1.8324936820423334E-6, 6.177212902175751E-7, 6.268420846939065E-7, 2.0767867241778075E-7, 1.980444656980305E-7]
[0.0, 0.9993857817890569, 4.393144902637621E-4, 1.7015646907447585E-4, 2.643712926172617E-6, 8.827854915377961E-7, 7.41710315731299E-7, 2.4497622595708384E-7, 2.3406664507420722E-7]
[0.0, 0.9987434969305913, 0.0010494818308906298, 2.0194809692252496E-4, 2.6639866724619796E-6, 8.980119825578872E-7, 9.111544111856862E-7, 3.0040952272168037E-7, 2.9957900651977074E-7]
[0.0, 0.9994747539140989, 4.0839574884766024E-4, 1.1255647939336201E-4, 3.0277624358484782E-6, 5.041101138187415E-7, 4.774941044724254E-7, 1.432245620736865E-7, 1.4126644378046485E-7]
[0.0, 0.884232327311387, 0.10029700513032057, 0.014694873563707793, 3.104973851467082E-4, 1.0158392987996588E-4, 3.087874278057045E-4, 2.6362057298548928E-5, 2.85631944536823E-5]
[1.0, 0.03907485266994571, 0.9588301331706593, 0.0020754039595343387, 1.1133892967849654E-5, 3.5164257335407373E-6, 2.973433457896335E-6, 1.0031638324142587E-6, 9.832838688783993E-7]
[0.0, 0.9995046200429422, 3.0260852970086287E-4, 1.894718263547894E-4, 1.7360646719193334E-6, 5.85215719731135E-7, 5.939271958216804E-7, 1.9675025885698426E-7, 1.8764315591991522E-7]
[0.0, 0.998711945602384, 4.72302448263785E-4, 8.066596365294742E-4, 6.264190414087941E-6, 1.0651289804354915E-6, 1.0680064478199543E-6, 3.5576280087629296E-7, 3.3922417961723006E-7]
[2.0, 0.03241245273323669, 0.0045431233582868226, 0.963002658658174, 2.3348044591667738E-5, 7.87785588298811E-6, 6.247160033801957E-6, 2.1884648892910688E-6, 2.1037249047176732E-6]
[2.0, 0.11059488906582049, 0.004577053275983238, 0.8847660908896823, 3.6837948955421506E-5, 1.107320196761745E-5, 8.42700785930923E-6, 2.8144857376884334E-6, 2.8141239942123366E-6]
[0.0, 0.9924748706601574, 0.006192307729302715, 0.0013006658339099779, 2.3206174425272546E-5, 3.040440617629268E-6, 3.723142612792386E-6, 1.0778665052188094E-6, 1.1081524689331059E-6]
[0.0, 0.9994695355820686, 2.7206321911158506E-4, 2.537147678590938E-4, 2.630445566108229E-6, 8.743148878595875E-7, 7.120654881288023E-7, 2.3647738306628284E-7, 2.3312763550951154E-7]
